0,0,161,92,0,1019,2774,2053,817,1051,541,27,0,3352,0,0,567,2288,2309,0,0,0,0,178,0,993,466,636,0,871,630,1065,0,0,0,0,1022,389,4241,2309,706,1572,267,0,0,238,652,2543,265,885,0,27,759,89,440,0,0,1112,0,112,1293,2782,2730,4272,132,645,205,0,209,66,0,625,0,1800,30,320,0,128,411,388,238,753,4512,0,212,0,0,0,420,902,0,358,603,255,272,541,243,1358,0,588,0,856,0,0,434,0,490,304,0,5731,0,0,792,0,1079,82,461,384,289,0,258,786,1376,944,354,0,107,662,180,262,325,575,0,2819,0,0,354,0,394,135,760,929,913,0,11,2010,198,239,868,0,0,0,0,478,17,111,0,525,167,120,0,192,270,1081,1546,5,0,0,206,456,701,711,0,402,0,1113,98,0,0,732,512,0,1098,0,0,0,31,695,468,617,2845,192,0,0,487,0,1100,0,2,300,45,506,182,0,5952,316,0
0,0,0,0,0,0,0,0,0,0,0,0,0,0,0,0,0,0,0,0,0,0,0,0,0,0,0,0,0,0,0,0,0,0,0,0,0,0,0,0,0,0,0,0,0,0,0,0,0,0,0,0,0,0,0,0,0,0,0,0,0,0,0,0,0,0,0,0,0,0,0,0,0,0,0,0,0,0,0,0,0,0,0,0,0,0,0,0,0,0,0,0,0,0,0,0,0,0,0,0,0,0,0,0,0,0,0,0,0,0,0,0,0,0,0,0,0,0,0,0,0,0,0,0,0,0,0,0,0,0,0,0,0,0,0,0,0,0,0,0,0,0,0,0,0,0,0,0,0,0,0,0,0,0,0,0,0,0,0,0,0,0,0,0,0,0,0,0,0,0,0,0,0,0,0,0,0,0,0,0,0,0,0,0,0,0,0,0,0,0,0,0,0,0,0,0,0,0,0,0,0,0,0,0,0,0,0
161,0,0,32,0,41,114,130,81,105,205,75,0,95,717,0,183,650,1118,0,0,0,0,127,0,102,7,60,70,98,82,207,0,0,0,0,19,40,102,4,24,172,25,0,92,71,100,76,47,207,223,37,215,19,37,0,157,267,0,6,45,103,32,45,19,105,25,468,66,0,0,0,0,129,114,92,0,3,19,0,0,105,142,0,42,153,333,105,120,178,192,111,188,54,65,100,61,147,151,73,0,155,0,0,112,0,324,81,489,111,228,135,43,0,20,0,110,106,50,354,11,37,151,70,2,99,0,105,44,53,153,244,0,221,0,0,90,0,266,99,224,220,133,320,246,0,27,17,122,625,288,0,0,28,45,124,0,93,49,22,0,40,79,0,301,14,0,0,50,39,5,152,0,39,0,48,42,4308,0,137,131,0,152,982,0,315,0,76,4,168,64,60,0,747,158,142,139,0,24,25,0,219,66,0,78,41,0
92,0,32,0,0,145,225,125,144,180,423,123,0,769,201,0,445,2294,463,0,0,0,0,161,0,240,164,205,387,210,256,394,0,0,0,0,166,101,528,161,283,389,107,0,266,186,218,263,104,317,3156,52,313,85,113,0,374,636,0,42,204,220,202,187,115,171,79,759,146,1,0,50,0,221,228,148,0,59,79,79,107,213,342,0,103,168,1227,198,200,591,1570,210,294,122,181,231,170,237,271,224,0,306,0,0,160,0,527,179,650,388,562,347,119,0,83,61,172,190,120,631,112,152,431,292,101,314,64,267,67,144,173,401,0,572,0,0,143,0,248,198,534,266,311,2411,301,0,0,290,213,344,0,0,0,136,58,132,0,164,79,0,0,111,299,91,558,2,0,0,115,173,77,229,0,115,0,229,49,1192,0,285,230,0,331,0,0,3107,24,253,139,220,411,158,0,0,299,255,254,0,34,108,15,561,159,0,445,119,0
0,0,0,0,0,0,0,0,0,0,0,0,0,0,0,0,0,0,0,0,0,0,0,0,0,0,0,0,0,0,0,0,0,0,0,0,0,0,0,0,0,0,0,0,0,0,0,0,0,0,0,0,0,0,0,0,0,0,0,0,0,0,0,0,0,0,0,0,0,0,0,0,0,0,0,0,0,0,0,0,0,0,0,0,0,0,0,0,0,0,0,0,0,0,0,0,0,0,0,0,0,0,0,0,0,0,0,0,0,0,0,0,0,0,0,0,0,0,0,0,0,0,0,0,0,0,0,0,0,0,0,0,0,0,0,0,0,0,0,0,0,0,0,0,0,0,0,0,0,0,0,0,0,0,0,0,0,0,0,0,0,0,0,0,0,0,0,0,0,0,0,0,0,0,0,0,0,0,0,0,0,0,0,0,0,0,0,0,0,0,0,0,0,0,0,0,0,0,0,0,0,0,0,0,0,0,0
1019,0,41,145,0,0,81,4500,172,73,86,187,0,226,221,0,116,496,531,0,0,0,0,240,0,123,58,3,306,8,54,462,0,0,0,0,8,78,417,29,54,144,68,0,74,306,144,34,84,101,154,124,477,69,61,0,76,120,2446,145,4,10,0,39,26,320,73,547,97,12,0,35,0,252,292,153,0,49,112,27,25,159,100,0,88,78,3079,0,217,210,490,283,116,100,0,127,175,61,218,67,0,132,0,0,245,0,364,156,960,68,320,157,95,0,27,60,192,259,214,322,84,72,109,119,83,0,15,336,161,321,339,219,0,461,0,0,181,0,401,262,153,97,66,0,0,0,121,142,225,1363,193,0,0,21,183,222,0,149,114,121,0,95,162,85,514,131,0,0,151,0,75,66,0,141,0,482,153,0,0,171,112,0,215,0,0,3159,51,204,114,255,12,127,0,614,172,65,87,0,121,9,76,276,136,0,17,101,0
2774,0,114,225,0,81,0,0,982,8,25,296,0,357,2796,0,65,0,0,0,0,0,0,333,0,77,59,3,55,9,41,476,0,0,0,0,38,128,164,72,69,24,119,0,64,95,78,91,134,80,354,177,618,158,117,0,96,109,0,192,31,0,0,45,115,187,185,7189,138,52,0,59,0,306,373,168,0,82,114,73,72,161,14,0,135,92,443,2287,149,135,1417,209,180,162,64,143,120,48,213,48,0,84,0,0,274,0,268,89,0,0,298,110,80,0,231,133,269,221,309,559,75,49,0,177,85,24,58,431,263,715,297,258,0,176,0,0,271,0,792,292,94,156,1,447,0,0,219,140,239,208,0,0,0,23,277,324,0,176,170,245,0,88,98,94,697,259,0,0,105,6,64,40,0,319,0,146,194,3714,0,98,202,0,357,0,0,1616,187,397,108,333,10,148,0,654,157,111,39,0,165,112,125,230,240,0,42,166,0
2053,0,130,125,0,4500,0,0,608,270,0,278,0,0,0,0,0,0,0,0,0,0,0,721,0,2066,1153,879,0,0,0,6893,0,0,0,0,5892,264,6952,0,898,0,1358,0,0,0,3571,0,247,0,1474,160,1045,263,1317,0,0,254,0,1386,5013,4913,0,0,0,6256,269,0,661,113,0,204,0,402,258,433,0,188,939,1473,1058,0,4135,0,253,0,0,0,1011,0,0,518,0,515,265,0,6959,0,0,2072,0,4701,0,0,5696,0,2539,582,0,0,452,0,0,0,0,269,379,340,557,0,247,1181,4860,0,970,0,407,949,491,257,861,0,0,0,0,0,714,0,2142,880,0,0,5370,0,0,0,152,0,509,6329,0,0,0,3618,1415,649,0,530,249,97,0,219,1248,1070,0,467,0,0,4615,0,273,0,0,781,0,309,237,6210,0,4685,541,0,4468,0,0,0,147,438,1173,0,4942,513,0,0,0,0,0,0,158,0,117,0,278,0,0,221,0
817,0,81,144,0,172,982,608,0,293,1019,123,0,2463,0,0,1117,0,0,0,0,0,0,231,0,267,269,296,630,278,278,676,0,0,0,0,830,181,312,1093,757,1204,148,0,330,301,242,186,29,964,0,25,106,46,166,0,359,0,0,43,0,923,1010,273,639,88,7,0,136,57,0,83,0,223,336,169,0,158,212,180,81,842,1070,0,11,650,430,1675,158,705,0,75,621,37,258,303,539,311,1005,250,0,349,0,0,60,0,326,594,846,0,429,871,271,0,301,46,120,110,0,0,247,299,797,239,359,4937,112,34,0,0,27,4731,0,406,0,0,6,0,169,74,384,1054,1088,0,0,0,150,398,182,0,0,0,0,216,263,49,0,50,0,114,0,218,547,827,475,0,0,0,229,268,293,304,0,0,0,0,1,0,0,887,450,0,329,0,0,0,33,90,446,390,826,35,0,6733,574,278,296,0,22,411,34,539,57,0,3851,0,0
1051,0,105,180,0,73,8,270,293,0,0,245,0,424,210,0,1,438,544,0,0,0,0,322,0,5,74,0,77,23,0,276,0,0,0,0,47,152,128,91,92,0,135,0,0,110,20,2,165,54,111,210,343,172,152,0,2,0,302,224,61,0,2,53,119,84,180,190,232,51,0,78,0,284,282,239,0,113,159,119,129,101,0,0,165,0,667,392,95,89,165,177,0,172,51,64,110,8,11,2,0,29,0,0,228,0,233,43,217,19,270,76,107,0,140,147,176,186,222,156,100,65,0,70,108,65,62,224,256,268,406,59,0,156,0,0,282,0,404,325,0,1,2,165,2290,0,264,192,151,230,7,0,0,14,255,315,0,122,200,153,0,115,63,167,180,193,0,0,117,8,93,0,0,256,0,174,208,1595,0,83,84,0,345,1613,0,151,173,316,58,197,0,178,0,549,11,0,0,0,179,89,137,47,254,0,5,192,0
541,0,205,423,0,86,25,0,1019,0,0,333,0,906,1020,0,2,2512,0,0,0,0,0,330,0,151,91,59,84,51,103,495,0,0,0,0,82,207,226,157,160,0,249,0,288,152,129,64,215,146,448,354,566,239,279,0,164,70,0,362,205,23,32,115,454,175,230,2646,355,123,0,147,0,365,461,236,0,136,279,175,223,240,87,0,260,7,1436,537,186,171,228,330,146,306,130,135,189,168,184,92,0,155,0,0,404,0,344,134,2044,70,7188,144,140,0,565,155,351,231,714,681,108,115,46,161,134,381,104,399,350,374,763,205,0,910,0,0,833,0,964,1399,100,119,55,2505,3411,0,308,365,244,345,115,0,0,56,568,707,0,203,251,404,0,115,161,381,332,308,0,0,170,47,117,218,0,692,0,238,289,2449,0,173,265,0,617,0,0,0,242,445,146,309,0,338,0,727,130,33,0,0,162,227,269,117,392,0,0,240,0
27,0,75,123,0,187,296,278,123,245,333,0,0,306,725,0,438,798,778,0,0,0,0,41,0,210,149,218,153,194,216,208,0,0,0,0,200,82,202,199,217,372,54,0,393,117,189,178,82,620,1129,2,234,39,131,0,458,417,0,66,315,269,218,154,162,184,24,0,108,53,0,141,0,263,0,115,0,60,138,147,107,351,277,0,62,266,208,6,160,348,398,131,464,88,136,240,146,316,285,131,0,369,0,0,149,0,206,144,716,208,288,285,156,0,182,36,145,165,51,870,120,175,399,245,82,556,119,147,33,52,88,436,0,212,0,0,127,0,43,31,387,503,266,440,135,2210,115,104,221,374,4097,0,0,162,37,52,0,134,40,68,0,78,156,173,354,29,0,0,147,183,138,532,0,103,0,210,4,3420,0,396,240,0,238,0,0,711,48,142,99,262,280,76,0,563,300,254,295,0,1,117,54,351,79,0,460,45,0
0,0,0,0,0,0,0,0,0,0,0,0,0,0,0,0,0,0,0,0,0,0,0,0,0,0,0,0,0,0,0,0,0,0,0,0,0,0,0,0,0,0,0,0,0,0,0,0,0,0,0,0,0,0,0,0,0,0,0,0,0,0,0,0,0,0,0,0,0,0,0,0,0,0,0,0,0,0,0,0,0,0,0,0,0,0,0,0,0,0,0,0,0,0,0,0,0,0,0,0,0,0,0,0,0,0,0,0,0,0,0,0,0,0,0,0,0,0,0,0,0,0,0,0,0,0,0,0,0,0,0,0,0,0,0,0,0,0,0,0,0,0,0,0,0,0,0,0,0,0,0,0,0,0,0,0,0,0,0,0,0,0,0,0,0,0,0,0,0,0,0,0,0,0,0,0,0,0,0,0,0,0,0,0,0,0,0,0,0,0,0,0,0,0,0,0,0,0,0,0,0,0,0,0,0,0,0
3352,0,95,769,0,226,357,0,2463,424,906,306,0,0,0,0,637,951,1031,0,0,0,0,142,0,303,175,492,864,484,579,247,0,0,0,0,249,122,523,979,240,794,144,0,714,1048,294,720,3,686,3643,162,48,36,201,0,1600,531,0,100,0,328,237,1347,686,274,24,2826,3,64,0,1376,0,150,0,32,0,116,388,222,361,1357,1560,0,20,6214,1145,0,336,1329,1337,201,1249,16,164,280,117,1364,980,526,0,1096,0,0,310,0,501,478,1119,335,277,984,159,0,672,61,75,178,152,3777,155,186,3397,1007,156,378,372,400,148,277,45,995,0,468,0,0,22,0,368,66,575,563,5885,415,0,0,350,250,116,455,0,0,0,195,517,29,0,288,0,337,0,107,478,260,359,191,0,0,99,209,412,707,0,112,0,657,237,0,0,1215,0,0,195,0,0,1081,224,0,128,396,5980,0,0,0,621,1128,546,0,66,187,253,588,0,0,588,5,0
0,0,717,201,0,221,2796,0,0,210,1020,725,0,0,0,0,449,281,423,0,0,0,0,373,0,0,4526,296,0,891,623,0,0,0,0,0,0,4649,0,1838,644,280,0,0,803,1355,370,1491,3520,0,3076,609,0,651,0,0,650,0,0,844,0,690,756,0,3419,0,435,0,0,262,0,736,0,863,0,593,0,537,642,769,326,0,374,0,915,191,0,0,0,0,0,588,303,532,635,3326,0,6275,0,398,0,0,0,0,0,0,0,0,0,0,0,0,4554,0,2183,466,623,4745,429,840,364,535,387,0,1323,1026,820,544,423,0,1799,314,0,0,0,0,482,0,0,0,414,6233,811,0,0,0,328,1169,600,0,1431,0,0,370,297,0,0,4743,374,199,0,378,0,1112,0,3226,0,0,0,537,353,754,0,0,0,0,324,1092,0,0,225,0,0,0,0,0,260,4522,474,0,351,512,0,292,526,222,238,0,307,4162,225,575,496,0,348,453,0
0,0,0,0,0,0,0,0,0,0,0,0,0,0,0,0,0,0,0,0,0,0,0,0,0,0,0,0,0,0,0,0,0,0,0,0,0,0,0,0,0,0,0,0,0,0,0,0,0,0,0,0,0,0,0,0,0,0,0,0,0,0,0,0,0,0,0,0,0,0,0,0,0,0,0,0,0,0,0,0,0,0,0,0,0,0,0,0,0,0,0,0,0,0,0,0,0,0,0,0,0,0,0,0,0,0,0,0,0,0,0,0,0,0,0,0,0,0,0,0,0,0,0,0,0,0,0,0,0,0,0,0,0,0,0,0,0,0,0,0,0,0,0,0,0,0,0,0,0,0,0,0,0,0,0,0,0,0,0,0,0,0,0,0,0,0,0,0,0,0,0,0,0,0,0,0,0,0,0,0,0,0,0,0,0,0,0,0,0,0,0,0,0,0,0,0,0,0,0,0,0,0,0,0,0,0,0
567,0,183,445,0,116,65,0,1117,1,2,438,0,637,449,0,0,0,0,0,0,0,0,653,0,169,129,80,162,84,95,574,0,0,0,0,35,230,280,137,151,10,97,0,175,211,148,10,117,148,636,368,364,331,198,0,234,89,0,243,17,29,19,120,218,249,258,1115,275,46,0,158,0,1249,523,162,0,78,220,107,66,221,122,0,130,37,0,563,276,208,293,303,195,141,147,187,186,117,294,120,0,152,0,0,363,0,340,177,5770,74,2042,239,154,0,288,243,306,294,629,223,158,117,65,198,72,74,55,428,615,913,591,475,0,991,0,0,3731,0,1989,4437,136,226,74,0,0,0,589,1176,403,1341,652,0,0,93,551,770,0,289,200,425,0,171,203,204,624,370,0,0,241,29,132,109,0,839,0,253,298,2279,0,166,204,0,500,0,0,0,229,364,170,974,9,150,0,1844,263,5,22,0,303,42,231,202,340,0,0,430,0
2288,0,650,2294,0,496,0,0,0,438,2512,798,0,951,281,0,0,0,0,0,0,0,0,658,0,0,900,627,0,4746,2263,2791,0,0,0,0,0,585,950,0,0,3520,3956,0,2702,768,950,5158,617,1766,0,1160,0,547,0,0,0,467,0,1405,510,0,4731,0,0,1455,561,0,611,489,0,0,0,1237,699,724,0,573,0,883,572,0,1717,0,588,4889,0,1217,1414,0,0,3154,523,598,937,0,0,1754,0,639,0,1782,0,0,6020,0,0,3168,0,0,0,0,1984,0,0,598,752,673,0,562,707,683,607,596,848,0,542,2582,659,0,852,595,0,0,0,0,764,0,3375,3665,765,1724,3993,0,0,1933,0,0,1375,0,0,0,0,2028,0,3293,0,661,630,1212,0,621,1212,0,0,3139,0,0,0,2057,593,1745,0,632,0,1019,883,1201,0,1814,394,0,0,0,0,0,608,757,1488,0,0,1038,0,278,832,5190,446,0,662,0,590,552,657,0,1281,619,0
2309,0,1118,463,0,531,0,0,0,544,0,778,0,1031,423,0,0,0,0,0,0,0,0,650,0,0,804,630,0,4879,0,0,0,0,0,0,0,699,1015,0,0,0,0,0,2742,659,0,5164,690,1775,0,1532,0,560,0,0,0,2721,0,0,6352,0,4864,0,0,0,573,0,725,545,0,0,0,0,713,1664,0,611,0,786,555,0,1725,0,672,5275,0,1239,0,0,0,0,685,712,705,0,0,1874,0,642,0,1791,0,0,0,0,0,0,0,0,0,0,2086,0,0,645,1221,0,0,540,666,2506,610,703,885,0,1089,0,0,0,924,0,0,0,0,0,1607,0,0,0,1559,1733,0,0,0,1721,0,0,6848,0,0,0,0,2130,0,0,0,0,1021,594,0,604,0,0,0,3028,0,0,0,2159,575,1865,0,0,0,922,951,1877,0,1823,1267,0,0,0,0,0,654,860,0,0,0,1074,0,506,1237,5196,552,0,883,0,636,699,757,0,1462,1011,0
0,0,0,0,0,0,0,0,0,0,0,0,0,0,0,0,0,0,0,0,0,0,0,0,0,0,0,0,0,0,0,0,0,0,0,0,0,0,0,0,0,0,0,0,0,0,0,0,0,0,0,0,0,0,0,0,0,0,0,0,0,0,0,0,0,0,0,0,0,0,0,0,0,0,0,0,0,0,0,0,0,0,0,0,0,0,0,0,0,0,0,0,0,0,0,0,0,0,0,0,0,0,0,0,0,0,0,0,0,0,0,0,0,0,0,0,0,0,0,0,0,0,0,0,0,0,0,0,0,0,0,0,0,0,0,0,0,0,0,0,0,0,0,0,0,0,0,0,0,0,0,0,0,0,0,0,0,0,0,0,0,0,0,0,0,0,0,0,0,0,0,0,0,0,0,0,0,0,0,0,0,0,0,0,0,0,0,0,0,0,0,0,0,0,0,0,0,0,0,0,0,0,0,0,0,0,0
0,0,0,0,0,0,0,0,0,0,0,0,0,0,0,0,0,0,0,0,0,0,0,0,0,0,0,0,0,0,0,0,0,0,0,0,0,0,0,0,0,0,0,0,0,0,0,0,0,0,0,0,0,0,0,0,0,0,0,0,0,0,0,0,0,0,0,0,0,0,0,0,0,0,0,0,0,0,0,0,0,0,0,0,0,0,0,0,0,0,0,0,0,0,0,0,0,0,0,0,0,0,0,0,0,0,0,0,0,0,0,0,0,0,0,0,0,0,0,0,0,0,0,0,0,0,0,0,0,0,0,0,0,0,0,0,0,0,0,0,0,0,0,0,0,0,0,0,0,0,0,0,0,0,0,0,0,0,0,0,0,0,0,0,0,0,0,0,0,0,0,0,0,0,0,0,0,0,0,0,0,0,0,0,0,0,0,0,0,0,0,0,0,0,0,0,0,0,0,0,0,0,0,0,0,0,0
0,0,0,0,0,0,0,0,0,0,0,0,0,0,0,0,0,0,0,0,0,0,0,0,0,0,0,0,0,0,0,0,0,0,0,0,0,0,0,0,0,0,0,0,0,0,0,0,0,0,0,0,0,0,0,0,0,0,0,0,0,0,0,0,0,0,0,0,0,0,0,0,0,0,0,0,0,0,0,0,0,0,0,0,0,0,0,0,0,0,0,0,0,0,0,0,0,0,0,0,0,0,0,0,0,0,0,0,0,0,0,0,0,0,0,0,0,0,0,0,0,0,0,0,0,0,0,0,0,0,0,0,0,0,0,0,0,0,0,0,0,0,0,0,0,0,0,0,0,0,0,0,0,0,0,0,0,0,0,0,0,0,0,0,0,0,0,0,0,0,0,0,0,0,0,0,0,0,0,0,0,0,0,0,0,0,0,0,0,0,0,0,0,0,0,0,0,0,0,0,0,0,0,0,0,0,0
0,0,0,0,0,0,0,0,0,0,0,0,0,0,0,0,0,0,0,0,0,0,0,0,0,0,0,0,0,0,0,0,0,0,0,0,0,0,0,0,0,0,0,0,0,0,0,0,0,0,0,0,0,0,0,0,0,0,0,0,0,0,0,0,0,0,0,0,0,0,0,0,0,0,0,0,0,0,0,0,0,0,0,0,0,0,0,0,0,0,0,0,0,0,0,0,0,0,0,0,0,0,0,0,0,0,0,0,0,0,0,0,0,0,0,0,0,0,0,0,0,0,0,0,0,0,0,0,0,0,0,0,0,0,0,0,0,0,0,0,0,0,0,0,0,0,0,0,0,0,0,0,0,0,0,0,0,0,0,0,0,0,0,0,0,0,0,0,0,0,0,0,0,0,0,0,0,0,0,0,0,0,0,0,0,0,0,0,0,0,0,0,0,0,0,0,0,0,0,0,0,0,0,0,0,0,0
178,0,127,161,0,240,333,721,231,322,330,41,0,142,373,0,653,658,650,0,0,0,0,0,0,342,237,253,627,573,299,259,0,0,0,0,131,70,183,216,277,409,165,0,421,333,275,260,57,430,1238,65,124,113,357,0,578,823,0,173,153,370,225,312,293,132,94,643,98,110,0,150,0,281,93,118,0,100,284,133,136,385,367,0,89,301,518,127,135,494,747,161,407,62,305,366,317,297,1068,259,0,417,0,0,108,0,305,211,3396,323,257,534,220,0,245,103,138,167,70,1187,208,247,306,331,191,798,123,111,83,115,47,488,0,698,0,0,43,0,0,0,422,495,300,477,1021,0,160,399,200,1026,0,0,0,194,166,0,0,127,8,175,0,179,193,315,371,127,0,0,255,269,224,281,0,125,0,813,80,1909,0,404,327,0,278,0,0,434,124,122,191,827,411,75,0,791,375,330,307,0,106,171,104,588,78,0,741,44,0
0,0,0,0,0,0,0,0,0,0,0,0,0,0,0,0,0,0,0,0,0,0,0,0,0,0,0,0,0,0,0,0,0,0,0,0,0,0,0,0,0,0,0,0,0,0,0,0,0,0,0,0,0,0,0,0,0,0,0,0,0,0,0,0,0,0,0,0,0,0,0,0,0,0,0,0,0,0,0,0,0,0,0,0,0,0,0,0,0,0,0,0,0,0,0,0,0,0,0,0,0,0,0,0,0,0,0,0,0,0,0,0,0,0,0,0,0,0,0,0,0,0,0,0,0,0,0,0,0,0,0,0,0,0,0,0,0,0,0,0,0,0,0,0,0,0,0,0,0,0,0,0,0,0,0,0,0,0,0,0,0,0,0,0,0,0,0,0,0,0,0,0,0,0,0,0,0,0,0,0,0,0,0,0,0,0,0,0,0,0,0,0,0,0,0,0,0,0,0,0,0,0,0,0,0,0,0
993,0,102,240,0,123,77,2066,267,5,151,210,0,303,0,0,169,0,0,0,0,0,0,342,0,0,22,9,8,47,3,336,0,0,0,0,36,101,44,39,62,89,60,0,32,75,0,273,126,58,446,110,373,98,97,0,6,128,1053,146,168,70,41,17,116,65,109,456,228,28,0,47,0,176,292,182,0,62,117,59,52,16,68,0,122,141,347,940,72,0,5,113,212,111,9,4,42,24,3,0,0,33,0,0,132,0,157,21,128,60,266,15,52,0,119,83,123,102,194,372,60,15,47,0,57,61,37,143,182,169,265,270,0,71,0,0,316,0,324,251,157,72,40,550,2428,0,170,72,128,114,613,0,0,0,159,239,0,69,139,177,0,36,39,105,67,117,0,0,57,46,44,24,0,186,0,127,125,4017,0,29,237,0,237,3402,0,511,119,248,16,154,127,124,0,2048,181,156,64,0,97,115,119,200,180,0,130,150,0
466,0,7,164,0,58,59,1153,269,74,91,149,0,175,4526,0,129,900,804,0,0,0,0,237,0,22,0,39,0,45,43,235,0,0,0,0,21,81,74,0,24,95,69,0,96,15,37,105,49,106,277,103,234,71,59,0,69,159,6963,116,54,42,45,4,136,86,87,465,157,0,0,2,0,224,237,115,0,19,71,0,0,58,115,0,86,153,694,446,86,0,2,142,242,61,0,46,44,78,59,2,0,91,0,0,143,0,193,69,187,54,199,75,0,0,151,67,169,122,148,462,2,0,68,4,33,55,0,191,154,190,293,245,0,83,0,0,156,0,220,231,181,138,63,462,456,0,192,57,144,119,188,0,0,0,169,239,0,108,109,129,0,16,56,42,93,107,0,0,38,4,0,68,0,135,0,2,126,2090,0,72,167,0,232,873,0,414,77,160,9,52,67,124,0,1316,227,123,121,0,89,39,107,282,121,0,80,80,0
636,0,60,205,0,3,3,879,296,0,59,218,0,492,296,0,80,627,630,0,0,0,0,253,0,9,39,0,43,0,0,228,0,0,0,0,20,118,84,62,64,16,93,0,0,66,26,93,122,15,191,147,288,133,105,0,0,76,851,149,78,0,0,28,105,95,132,285,143,38,0,50,0,212,235,155,0,76,89,56,55,53,4,0,128,57,409,793,102,39,92,152,120,152,47,26,74,0,6,0,0,9,0,0,187,0,197,54,256,2,230,47,62,0,133,116,150,142,216,276,57,35,0,31,76,2,47,171,231,163,338,165,0,100,0,0,256,0,379,268,93,5,0,306,5087,0,183,120,160,175,107,0,0,10,234,295,0,124,186,200,0,69,71,109,116,175,0,0,79,0,45,0,0,216,0,88,161,1999,0,60,167,0,322,3535,0,294,128,162,54,110,13,177,0,773,133,82,0,0,130,100,101,150,173,0,65,152,0
0,0,70,387,0,306,55,0,630,77,84,153,0,864,0,0,162,0,0,0,0,0,0,627,0,8,0,43,0,39,37,187,0,0,0,0,60,118,25,0,89,147,66,0,79,16,0,216,123,132,1533,135,377,77,64,0,94,153,1071,155,137,59,47,7,370,45,107,464,168,2,0,10,0,186,212,202,0,48,70,29,0,59,97,0,132,164,786,0,56,1,2,104,227,105,0,32,28,82,26,0,0,73,0,0,133,0,145,9,431,88,154,55,0,0,122,69,117,97,171,4132,9,0,64,1,47,249,40,134,206,183,252,305,0,49,0,0,410,0,1049,249,169,143,62,422,0,0,280,55,119,93,192,0,0,6,120,265,0,73,143,190,0,20,25,91,68,288,0,0,34,29,0,71,0,304,0,119,143,4041,0,78,258,0,364,0,0,530,114,271,0,101,68,122,0,2065,230,186,67,0,103,133,122,220,162,0,139,139,0
871,0,98,210,0,8,9,0,278,23,51,194,0,484,891,0,84,4746,4879,0,0,0,0,573,0,47,45,0,39,0,3,520,0,0,0,0,10,122,144,73,77,46,103,0,32,91,48,118,123,46,176,148,279,181,169,0,26,110,0,177,81,1,0,30,129,114,168,551,113,42,0,34,0,497,1443,171,0,72,145,64,47,77,34,0,118,132,1145,846,131,83,4266,177,220,132,54,67,142,28,27,22,0,54,0,0,334,0,278,85,4468,4,282,97,62,0,101,104,279,229,454,0,68,36,34,85,83,7,47,344,234,235,345,250,0,240,0,0,549,0,366,235,122,60,25,567,0,0,204,117,257,1398,123,0,0,0,307,385,0,178,182,205,0,81,141,144,371,355,0,0,108,0,53,6,0,243,0,312,231,3956,0,101,260,0,922,0,0,378,146,254,71,240,27,204,0,825,214,105,101,0,137,97,122,228,256,0,68,192,0
630,0,82,256,0,54,41,0,278,0,103,216,0,579,623,0,95,2263,0,0,0,0,0,299,0,3,43,0,37,3,0,232,0,0,0,0,3,115,83,69,82,84,78,0,4,94,0,112,120,33,318,162,265,138,111,0,0,89,0,186,113,34,0,38,183,89,153,395,168,50,0,63,0,248,676,167,0,93,159,71,69,29,52,0,122,79,402,2558,91,6,76,140,163,139,36,2,77,4,0,0,0,0,0,0,220,0,181,47,239,38,238,0,73,0,194,128,162,124,277,290,72,30,27,0,83,31,54,167,272,364,410,241,0,90,0,0,231,0,614,260,112,33,9,473,0,0,295,168,141,192,173,0,2441,2,350,317,0,108,161,168,0,66,66,109,92,181,0,0,85,4,44,0,0,188,0,119,226,4439,0,2,315,0,316,0,0,2194,149,240,7,87,57,173,0,1504,155,122,4,0,151,98,131,191,224,0,87,196,0
1065,0,207,394,0,462,476,6893,676,276,495,208,0,247,0,0,574,2791,0,0,0,0,0,259,0,336,235,228,187,520,232,0,0,0,0,0,396,101,115,457,442,531,120,0,286,504,132,632,64,227,0,218,79,145,500,0,486,968,0,297,668,460,516,413,536,76,185,1980,68,194,0,458,0,41,518,47,0,132,312,320,289,207,276,0,96,357,270,2419,0,385,970,19,429,2,266,224,132,246,363,193,0,186,0,0,98,0,33,80,157,461,0,173,319,0,672,158,4,0,232,0,260,343,682,465,325,734,240,84,229,383,252,458,0,261,0,0,304,0,676,239,416,339,273,4313,0,0,339,595,0,132,1078,0,0,204,633,237,0,9,84,340,0,138,77,957,250,320,0,0,581,442,253,297,0,269,0,1720,206,0,0,166,603,0,92,0,0,3302,171,97,113,252,347,80,0,5942,460,360,364,0,214,332,220,638,90,0,543,107,0
0,0,0,0,0,0,0,0,0,0,0,0,0,0,0,0,0,0,0,0,0,0,0,0,0,0,0,0,0,0,0,0,0,0,0,0,0,0,0,0,0,0,0,0,0,0,0,0,0,0,0,0,0,0,0,0,0,0,0,0,0,0,0,0,0,0,0,0,0,0,0,0,0,0,0,0,0,0,0,0,0,0,0,0,0,0,0,0,0,0,0,0,0,0,0,0,0,0,0,0,0,0,0,0,0,0,0,0,0,0,0,0,0,0,0,0,0,0,0,0,0,0,0,0,0,0,0,0,0,0,0,0,0,0,0,0,0,0,0,0,0,0,0,0,0,0,0,0,0,0,0,0,0,0,0,0,0,0,0,0,0,0,0,0,0,0,0,0,0,0,0,0,0,0,0,0,0,0,0,0,0,0,0,0,0,0,0,0,0,0,0,0,0,0,0,0,0,0,0,0,0,0,0,0,0,0,0
0,0,0,0,0,0,0,0,0,0,0,0,0,0,0,0,0,0,0,0,0,0,0,0,0,0,0,0,0,0,0,0,0,0,0,0,0,0,0,0,0,0,0,0,0,0,0,0,0,0,0,0,0,0,0,0,0,0,0,0,0,0,0,0,0,0,0,0,0,0,0,0,0,0,0,0,0,0,0,0,0,0,0,0,0,0,0,0,0,0,0,0,0,0,0,0,0,0,0,0,0,0,0,0,0,0,0,0,0,0,0,0,0,0,0,0,0,0,0,0,0,0,0,0,0,0,0,0,0,0,0,0,0,0,0,0,0,0,0,0,0,0,0,0,0,0,0,0,0,0,0,0,0,0,0,0,0,0,0,0,0,0,0,0,0,0,0,0,0,0,0,0,0,0,0,0,0,0,0,0,0,0,0,0,0,0,0,0,0,0,0,0,0,0,0,0,0,0,0,0,0,0,0,0,0,0,0
0,0,0,0,0,0,0,0,0,0,0,0,0,0,0,0,0,0,0,0,0,0,0,0,0,0,0,0,0,0,0,0,0,0,0,0,0,0,0,0,0,0,0,0,0,0,0,0,0,0,0,0,0,0,0,0,0,0,0,0,0,0,0,0,0,0,0,0,0,0,0,0,0,0,0,0,0,0,0,0,0,0,0,0,0,0,0,0,0,0,0,0,0,0,0,0,0,0,0,0,0,0,0,0,0,0,0,0,0,0,0,0,0,0,0,0,0,0,0,0,0,0,0,0,0,0,0,0,0,0,0,0,0,0,0,0,0,0,0,0,0,0,0,0,0,0,0,0,0,0,0,0,0,0,0,0,0,0,0,0,0,0,0,0,0,0,0,0,0,0,0,0,0,0,0,0,0,0,0,0,0,0,0,0,0,0,0,0,0,0,0,0,0,0,0,0,0,0,0,0,0,0,0,0,0,0,0
0,0,0,0,0,0,0,0,0,0,0,0,0,0,0,0,0,0,0,0,0,0,0,0,0,0,0,0,0,0,0,0,0,0,0,0,0,0,0,0,0,0,0,0,0,0,0,0,0,0,0,0,0,0,0,0,0,0,0,0,0,0,0,0,0,0,0,0,0,0,0,0,0,0,0,0,0,0,0,0,0,0,0,0,0,0,0,0,0,0,0,0,0,0,0,0,0,0,0,0,0,0,0,0,0,0,0,0,0,0,0,0,0,0,0,0,0,0,0,0,0,0,0,0,0,0,0,0,0,0,0,0,0,0,0,0,0,0,0,0,0,0,0,0,0,0,0,0,0,0,0,0,0,0,0,0,0,0,0,0,0,0,0,0,0,0,0,0,0,0,0,0,0,0,0,0,0,0,0,0,0,0,0,0,0,0,0,0,0,0,0,0,0,0,0,0,0,0,0,0,0,0,0,0,0,0,0
1022,0,19,166,0,8,38,5892,830,47,82,200,0,249,0,0,35,0,0,0,0,0,0,131,0,36,21,20,60,10,3,396,0,0,0,0,0,46,198,8,1,76,49,0,74,62,45,42,53,114,731,141,273,82,31,0,68,138,0,146,14,18,10,0,0,101,87,456,96,0,0,0,0,153,1634,110,0,30,64,7,14,62,147,0,77,125,1295,5924,127,55,154,139,130,68,6,43,131,63,61,34,0,68,0,0,203,0,219,87,608,32,348,66,46,0,9,70,137,83,147,289,47,2,60,19,27,31,0,66,188,250,263,229,0,203,0,0,224,0,459,218,184,143,43,542,0,0,151,121,125,1082,0,0,0,0,164,211,0,111,98,134,0,58,125,28,343,111,0,0,81,0,33,60,0,223,0,122,133,3434,0,82,125,0,842,0,0,957,70,213,42,146,22,100,0,0,237,136,64,0,76,0,78,180,164,0,23,86,0
389,0,40,101,0,78,128,264,181,152,207,82,0,122,4649,0,230,585,699,0,0,0,0,70,0,101,81,118,118,122,115,101,0,0,0,0,46,0,65,49,101,159,0,0,191,63,106,113,0,260,415,59,46,3,14,0,174,243,0,113,77,129,76,69,188,44,4,458,12,6,0,52,0,60,592,32,0,17,29,37,41,138,234,0,0,243,120,529,57,182,195,58,220,0,72,119,47,166,142,102,0,151,0,0,0,0,128,65,280,131,141,146,75,0,150,27,54,37,44,336,45,96,148,109,18,180,36,20,22,5,100,305,0,92,0,0,66,0,143,56,240,221,154,794,1257,0,81,46,75,309,758,0,0,75,127,63,0,36,7,78,0,31,60,34,43,36,0,0,32,67,64,125,0,6,0,175,50,4709,0,221,180,0,79,0,0,1498,70,35,57,59,85,0,0,709,267,233,187,0,76,70,61,223,64,0,69,13,0
4241,0,102,528,0,417,164,6952,312,128,226,202,0,523,0,0,280,950,1015,0,0,0,0,183,0,44,74,84,25,144,83,115,0,0,0,0,198,65,0,92,360,168,0,0,174,57,30,320,0,198,342,155,148,119,49,0,221,242,0,147,526,153,136,104,611,0,128,998,71,75,0,145,0,129,449,131,0,42,141,141,78,143,152,0,96,240,312,2478,0,178,195,0,291,2,31,73,0,145,110,36,0,152,0,0,0,0,93,0,74,154,110,127,54,0,558,74,3,19,159,2049,47,93,117,95,43,165,119,2,224,147,327,505,0,0,0,0,459,0,188,262,248,155,111,0,0,0,184,68,50,38,0,0,839,77,155,151,0,2,96,164,0,2,0,97,0,302,0,0,6,143,70,132,0,139,0,120,254,1908,0,154,1523,0,111,0,0,0,100,146,0,0,182,71,0,1056,302,251,149,0,87,356,111,298,151,0,183,111,0
2309,0,4,161,0,29,72,0,1093,91,157,199,0,979,1838,0,137,0,0,0,0,0,0,216,0,39,0,62,0,73,69,457,0,0,0,0,8,49,92,0,0,166,37,0,127,33,63,61,53,157,716,135,341,42,31,0,116,196,0,68,30,86,27,10,16,113,58,433,84,0,0,0,0,348,356,100,0,17,36,0,0,68,161,0,61,215,370,5635,130,47,37,144,285,65,5,64,65,111,66,7,0,106,0,0,104,0,435,141,2763,105,845,78,26,0,7,29,232,213,291,552,27,0,86,9,25,89,0,240,159,190,274,322,0,112,0,0,311,0,650,134,247,150,116,695,0,0,155,153,278,214,311,0,0,11,170,183,0,133,82,160,0,33,114,27,350,145,0,0,95,22,0,63,0,173,0,37,153,2701,0,75,145,0,421,866,0,1117,35,173,85,291,38,110,0,2944,288,199,123,0,104,11,54,343,113,0,45,66,0
706,0,24,283,0,54,69,898,757,92,160,217,0,240,644,0,151,0,0,0,0,0,0,277,0,62,24,64,89,77,82,442,0,0,0,0,1,101,360,0,0,137,87,0,116,145,77,176,84,131,641,130,355,103,76,0,239,261,0,191,34,51,71,16,32,227,107,559,157,0,0,0,0,204,1747,173,0,32,65,3,4,88,171,0,70,225,897,4283,232,62,157,357,216,109,100,76,241,111,117,54,0,118,0,0,341,0,329,254,4679,89,390,127,105,0,2,89,215,349,369,621,34,2,131,42,44,75,0,206,156,430,258,508,0,827,0,0,305,0,935,379,289,236,94,0,0,0,127,306,271,0,361,0,0,2,203,392,0,225,159,128,0,47,239,41,355,140,0,0,217,41,12,90,0,471,0,119,153,6743,0,98,392,0,401,2232,0,0,65,232,84,379,42,142,0,0,474,162,200,0,110,13,54,346,225,0,135,182,0
1572,0,172,389,0,144,24,0,1204,0,0,372,0,794,280,0,10,3520,0,0,0,0,0,409,0,89,95,16,147,46,84,531,0,0,0,0,76,159,168,166,137,0,165,0,55,139,96,55,174,125,750,250,1397,262,208,0,182,47,330,316,147,10,31,95,530,172,274,464,295,98,0,147,0,491,521,252,0,117,133,112,138,466,102,0,159,5,0,1287,184,166,254,240,117,224,106,144,133,49,100,76,0,141,0,0,560,0,401,132,3665,38,1300,133,142,0,537,167,267,225,1820,1029,120,105,3,180,149,70,97,507,565,355,442,199,0,517,0,0,292,0,793,577,83,107,12,838,0,0,350,1006,242,4646,98,0,0,48,370,530,0,201,217,434,0,136,159,251,773,277,0,0,161,37,103,76,0,1299,0,321,267,0,0,152,246,0,1204,0,0,0,288,430,131,776,0,188,0,678,104,59,2,0,189,258,263,213,370,0,1,191,0
267,0,25,107,0,68,119,1358,148,135,249,54,0,144,0,0,97,3956,0,0,0,0,0,165,0,60,69,93,66,103,78,120,0,0,0,0,49,0,0,37,87,165,0,0,131,51,48,95,4,209,3393,29,75,0,0,0,146,260,0,87,68,102,59,101,159,1,0,424,26,6,0,47,0,105,324,48,0,0,13,20,34,167,161,0,0,265,107,402,6,77,166,26,208,17,55,105,3,139,139,62,0,190,0,0,0,0,97,27,246,110,181,142,63,0,92,2,35,57,86,442,31,87,149,89,12,140,36,12,47,35,165,313,0,0,0,0,184,0,162,109,219,262,125,1307,920,0,112,16,76,42,2877,0,6642,64,142,140,0,9,34,85,0,2,6,23,0,19,0,0,0,57,68,110,0,67,0,86,24,1687,0,209,190,0,113,0,0,784,34,59,3,0,75,34,0,3220,229,268,161,0,32,52,66,245,58,0,84,29,0
0,0,0,0,0,0,0,0,0,0,0,0,0,0,0,0,0,0,0,0,0,0,0,0,0,0,0,0,0,0,0,0,0,0,0,0,0,0,0,0,0,0,0,0,0,0,0,0,0,0,0,0,0,0,0,0,0,0,0,0,0,0,0,0,0,0,0,0,0,0,0,0,0,0,0,0,0,0,0,0,0,0,0,0,0,0,0,0,0,0,0,0,0,0,0,0,0,0,0,0,0,0,0,0,0,0,0,0,0,0,0,0,0,0,0,0,0,0,0,0,0,0,0,0,0,0,0,0,0,0,0,0,0,0,0,0,0,0,0,0,0,0,0,0,0,0,0,0,0,0,0,0,0,0,0,0,0,0,0,0,0,0,0,0,0,0,0,0,0,0,0,0,0,0,0,0,0,0,0,0,0,0,0,0,0,0,0,0,0,0,0,0,0,0,0,0,0,0,0,0,0,0,0,0,0,0,0
0,0,92,266,0,74,64,0,330,0,288,393,0,714,803,0,175,2702,2742,0,0,0,0,421,0,32,96,0,79,32,4,286,0,0,0,0,74,191,174,127,116,55,131,0,0,126,56,237,184,0,4460,225,413,184,162,0,9,165,0,262,195,45,23,72,151,146,226,335,288,83,0,101,0,337,783,265,0,145,122,87,143,44,17,0,215,113,1000,0,141,65,310,191,165,201,88,36,146,0,32,6,0,0,0,0,321,0,182,92,157,59,415,33,116,0,149,172,180,170,281,667,116,73,21,67,136,41,80,309,281,274,370,228,0,136,0,0,327,0,995,292,139,0,0,1462,0,0,286,267,188,380,282,0,2270,46,301,350,0,159,234,291,0,104,105,172,151,230,0,0,157,32,108,0,0,531,0,653,253,0,0,33,258,0,303,0,0,414,192,297,117,272,57,220,0,0,220,129,0,0,193,175,142,242,312,0,148,236,0
238,0,71,186,0,306,95,0,301,110,152,117,0,1048,1355,0,211,768,659,0,0,0,0,333,0,75,15,66,16,91,94,504,0,0,0,0,62,63,57,33,145,139,51,0,126,0,87,259,80,164,737,88,188,57,52,0,153,243,6927,86,141,82,85,39,283,64,64,902,111,24,0,118,0,417,239,155,0,28,47,41,21,100,148,0,76,165,676,406,68,110,112,105,298,115,4,80,10,107,120,66,0,139,0,0,109,0,194,50,236,87,233,118,4,0,435,40,116,104,213,639,0,30,149,75,0,140,58,150,131,122,243,350,0,57,0,0,234,0,601,308,222,196,91,499,395,0,136,34,123,99,0,0,0,42,144,240,0,86,110,136,0,0,31,0,74,147,0,0,13,59,8,109,0,120,0,53,122,2029,0,129,286,0,458,0,0,629,68,191,0,39,111,149,0,2174,245,251,157,0,89,250,100,443,145,0,154,89,0
652,0,100,218,0,144,78,3571,242,20,129,189,0,294,370,0,148,950,0,0,0,0,0,275,0,0,37,26,0,48,0,132,0,0,0,0,45,106,30,63,77,96,48,0,56,87,0,197,115,46,687,121,179,100,84,0,26,137,1063,135,148,67,41,35,154,51,91,390,199,43,0,64,0,183,226,124,0,51,82,66,69,0,80,0,116,133,331,458,56,0,30,112,203,99,0,0,28,41,2,0,0,26,886,0,137,0,83,0,54,75,154,1,61,0,124,78,110,97,193,387,62,26,56,1,47,159,52,105,166,153,241,267,0,59,0,0,180,0,304,299,154,86,51,646,0,0,194,59,116,102,821,0,916,0,171,267,0,80,134,189,0,25,23,107,57,108,0,0,46,46,51,38,0,147,0,161,123,3860,0,5,247,0,215,3393,0,425,117,197,0,62,105,122,0,6785,209,152,71,0,97,120,104,209,161,0,136,141,0
2543,0,76,263,0,34,91,0,186,2,64,178,0,720,1491,0,10,5158,5164,0,0,0,0,260,0,273,105,93,216,118,112,632,0,0,0,0,42,113,320,61,176,55,95,0,237,259,197,0,110,219,476,167,398,102,95,0,228,125,0,396,22,68,28,183,121,174,98,438,143,49,0,192,0,221,413,150,0,79,92,63,67,264,326,0,127,8,6537,0,245,292,603,205,80,126,187,142,224,190,248,170,0,240,0,0,165,0,396,211,5705,117,521,321,101,0,266,80,178,180,691,179,187,200,114,140,78,122,51,152,199,232,489,239,0,258,0,0,333,0,1034,233,64,248,109,260,0,0,263,103,216,0,79,0,0,117,609,296,0,169,121,365,0,110,240,69,625,429,0,0,320,40,107,186,0,170,0,180,131,4579,0,256,52,0,341,0,0,209,103,208,204,1180,21,149,0,0,94,0,1,0,170,43,97,127,138,0,17,109,0
265,0,47,104,0,84,134,247,29,165,215,82,0,3,3520,0,117,617,690,0,0,0,0,57,0,126,49,122,123,123,120,64,0,0,0,0,53,0,0,53,84,174,4,0,184,80,115,110,0,231,426,58,16,29,17,0,183,252,0,71,74,139,74,74,194,0,16,473,0,29,0,60,0,25,195,0,0,22,35,38,51,148,204,0,0,239,14,150,3,196,206,3,201,0,80,169,58,152,125,101,0,161,0,0,0,0,62,84,114,147,61,155,80,0,108,40,11,7,22,350,50,89,157,98,26,195,41,0,36,26,52,317,0,11,0,0,55,0,61,33,240,194,139,431,1089,0,91,36,40,57,455,0,780,77,134,58,0,0,0,83,0,44,73,39,24,35,0,0,48,75,61,137,0,24,0,151,41,2939,0,207,204,0,62,4878,0,455,69,4,58,59,98,0,0,717,213,243,197,0,51,81,64,283,36,0,76,0,0
885,0,207,317,0,101,80,0,964,54,146,620,0,686,0,0,148,1766,1775,0,0,0,0,430,0,58,106,15,132,46,33,227,0,0,0,0,114,260,198,157,131,125,209,0,0,164,46,219,231,0,3816,255,283,272,183,0,5,233,0,578,492,93,38,98,238,186,277,743,276,110,0,106,0,288,6790,302,0,172,196,148,134,26,22,0,236,203,746,0,138,61,298,185,174,185,135,43,189,0,37,23,0,0,0,0,304,0,145,95,123,93,362,15,123,0,228,247,206,157,366,608,142,89,96,98,161,65,126,250,343,489,399,259,0,291,0,0,379,0,1476,377,125,24,75,1488,0,0,314,536,210,725,0,0,0,54,360,375,0,163,299,305,0,127,126,174,225,493,0,0,296,50,114,0,0,1225,0,579,332,0,0,12,294,0,284,0,0,427,222,287,151,373,109,274,0,0,207,204,121,0,235,179,187,228,324,0,127,287,0
0,0,223,3156,0,154,354,1474,0,111,448,1129,0,3643,3076,0,636,0,0,0,0,0,0,1238,0,446,277,191,1533,176,318,0,0,0,0,0,731,415,342,716,641,750,3393,0,4460,737,687,476,426,3816,0,402,6990,1077,5655,0,0,165,0,423,654,628,224,786,325,865,387,0,442,348,0,501,0,0,1097,0,0,417,1133,555,672,4034,265,0,421,839,0,0,608,2181,0,1897,185,1438,295,0,2215,377,0,408,0,1077,0,0,5327,0,2756,723,0,0,0,0,930,0,522,395,1658,2641,0,0,316,471,0,1548,350,199,519,5224,0,0,1342,0,0,5025,0,0,0,0,0,1767,2810,249,589,0,0,0,0,539,1987,0,0,0,0,244,0,0,0,1316,814,264,0,247,262,761,0,1626,0,0,347,237,486,344,0,0,0,0,359,0,0,3958,1585,0,0,0,0,0,371,922,2127,0,388,785,0,0,2363,102,144,0,373,295,356,540,575,0,663,683,0
27,0,37,52,0,124,177,160,25,210,354,2,0,162,609,0,368,1160,1532,0,0,0,0,65,0,110,103,147,135,148,162,218,0,0,0,0,141,59,155,135,130,250,29,0,225,88,121,167,58,255,402,0,138,4,71,0,277,258,0,6,138,185,147,108,113,87,0,510,76,21,0,55,0,140,32,93,0,18,75,66,88,248,247,0,32,281,206,35,133,281,254,110,319,56,97,193,68,245,234,105,0,239,0,0,83,0,237,87,281,161,306,208,113,0,105,0,140,117,7,598,79,127,190,176,45,265,69,114,2,19,48,380,0,167,0,0,42,0,147,46,290,258,187,437,170,5085,52,31,139,231,497,0,0,101,4,49,0,96,13,41,0,43,67,87,235,0,0,0,73,105,107,243,0,38,0,155,0,1618,0,251,221,0,152,0,0,399,6,87,74,192,202,51,0,708,271,268,188,0,0,97,11,321,51,0,244,16,0
759,0,215,313,0,477,618,1045,106,343,566,234,0,48,0,0,364,0,0,0,0,0,0,124,0,373,234,288,377,279,265,79,0,0,0,0,273,46,148,341,355,1397,75,0,413,188,179,398,16,283,6990,138,0,107,95,0,390,665,0,275,593,293,272,238,795,48,77,1916,0,131,0,184,0,0,591,0,0,99,136,127,308,299,345,0,24,1834,1,1781,52,695,870,27,639,0,345,466,284,346,476,217,0,267,0,0,70,0,126,183,358,4129,145,313,218,0,199,118,14,6,103,3366,199,245,520,508,121,260,151,48,116,246,70,1296,0,167,0,0,72,0,361,138,645,334,376,0,0,0,270,417,59,282,0,0,3446,215,297,108,0,38,3,241,0,143,127,225,189,99,0,0,441,244,227,365,0,201,0,4502,127,3005,0,255,1819,0,0,0,0,1998,139,16,248,189,341,0,0,0,866,385,625,0,147,214,172,882,33,0,355,29,0
89,0,19,85,0,69,158,263,46,172,239,39,0,36,651,0,331,547,560,0,0,0,0,113,0,98,71,133,77,181,138,145,0,0,0,0,82,3,119,42,103,262,0,0,184,57,100,102,29,272,1077,4,107,0,1,0,290,317,0,7,65,178,78,126,47,73,0,466,78,0,0,71,0,108,107,63,0,0,15,27,31,167,184,0,0,189,206,77,85,157,466,79,208,38,61,162,42,181,183,86,0,227,0,0,63,0,167,61,482,151,130,160,55,0,80,0,91,85,39,638,49,81,166,134,0,241,28,53,21,12,85,307,0,126,0,0,61,0,96,67,250,207,157,359,1932,2259,57,2,104,147,226,0,1030,92,55,54,0,64,21,56,0,20,64,35,118,6,0,0,36,82,36,179,0,12,0,98,4,1955,0,235,167,0,148,1011,0,312,12,39,37,10,116,23,0,7063,186,181,177,0,0,51,26,249,35,0,253,13,0
440,0,37,113,0,61,117,1317,166,152,279,131,0,201,0,0,198,0,0,0,0,0,0,357,0,97,59,105,64,169,111,500,0,0,0,0,31,14,49,31,76,208,0,0,162,52,84,95,17,183,5655,71,95,1,0,0,200,249,0,57,66,122,60,56,142,79,28,506,37,14,0,59,0,114,338,51,0,0,13,18,34,219,167,0,18,411,253,0,87,366,356,103,337,26,52,146,27,184,101,113,0,163,0,0,68,0,313,53,142,197,193,201,68,0,146,1,84,51,127,422,29,71,146,56,0,151,22,34,145,76,204,542,0,70,0,0,457,0,183,169,272,152,134,964,0,0,126,1,159,424,0,0,0,45,70,181,0,76,47,113,0,0,43,16,107,75,0,0,4,55,35,163,0,123,0,203,52,1694,0,235,417,0,266,4902,0,0,46,115,18,2,69,52,0,0,208,253,166,0,30,53,55,224,111,0,54,56,0
0,0,0,0,0,0,0,0,0,0,0,0,0,0,0,0,0,0,0,0,0,0,0,0,0,0,0,0,0,0,0,0,0,0,0,0,0,0,0,0,0,0,0,0,0,0,0,0,0,0,0,0,0,0,0,0,0,0,0,0,0,0,0,0,0,0,0,0,0,0,0,0,0,0,0,0,0,0,0,0,0,0,0,0,0,0,0,0,0,0,0,0,0,0,0,0,0,0,0,0,0,0,0,0,0,0,0,0,0,0,0,0,0,0,0,0,0,0,0,0,0,0,0,0,0,0,0,0,0,0,0,0,0,0,0,0,0,0,0,0,0,0,0,0,0,0,0,0,0,0,0,0,0,0,0,0,0,0,0,0,0,0,0,0,0,0,0,0,0,0,0,0,0,0,0,0,0,0,0,0,0,0,0,0,0,0,0,0,0,0,0,0,0,0,0,0,0,0,0,0,0,0,0,0,0,0,0
0,0,157,374,0,76,96,0,359,2,164,458,0,1600,650,0,234,0,0,0,0,0,0,578,0,6,69,0,94,26,0,486,0,0,0,0,68,174,221,116,239,182,146,0,9,153,26,228,183,5,0,277,390,290,200,0,0,259,0,272,1397,44,34,77,113,170,311,509,162,87,0,101,0,433,4752,347,0,109,197,131,115,35,57,0,147,114,1005,0,180,50,214,63,200,94,116,2,193,3,4,6,0,0,0,0,561,0,201,74,321,77,402,11,108,0,266,196,16,254,305,917,119,78,96,62,125,56,65,266,349,557,417,322,0,356,0,0,514,0,2930,415,203,55,28,0,0,0,308,233,358,413,0,0,0,0,751,408,0,216,290,317,0,138,105,230,183,288,0,0,222,31,98,0,0,1014,0,4585,280,1950,0,43,558,0,486,0,0,429,2,331,33,171,142,289,0,0,233,402,14,0,209,183,173,280,361,0,201,263,0
1112,0,267,636,0,120,109,254,0,0,70,417,0,531,0,0,89,467,2721,0,0,0,0,823,0,128,159,76,153,110,89,968,0,0,0,0,138,243,242,196,261,47,260,0,165,243,137,125,252,233,165,258,665,317,249,0,259,0,219,351,197,109,125,128,314,192,380,450,271,155,0,220,0,408,592,294,0,207,367,197,191,177,97,0,290,26,522,0,204,166,287,244,0,281,142,144,193,123,136,95,0,242,0,0,567,0,415,155,382,139,512,207,193,0,367,280,241,249,618,149,186,152,70,152,206,164,188,617,505,1254,554,100,0,629,0,0,995,0,1112,514,0,173,73,700,5256,0,322,349,252,0,4,0,0,127,561,470,0,217,357,540,0,167,211,290,325,383,0,0,201,122,169,112,0,1246,0,255,272,1581,0,265,63,0,527,0,0,330,237,355,159,295,64,415,0,626,35,52,0,0,347,211,221,28,402,0,89,325,0
0,0,0,0,0,2446,0,0,0,302,0,0,0,0,0,0,0,0,0,0,0,0,0,0,0,1053,6963,851,1071,0,0,0,0,0,0,0,0,0,0,0,0,330,0,0,0,6927,1063,0,0,0,0,0,0,0,0,0,0,219,0,0,0,942,1273,0,0,407,0,0,2569,2193,0,0,0,0,0,0,0,0,0,2112,0,0,0,0,0,462,0,0,418,0,0,0,55,2558,0,0,0,0,0,1043,0,0,0,0,0,0,0,0,0,1079,0,0,0,0,0,0,1504,664,0,0,6944,0,0,2011,344,1668,0,0,0,0,0,0,0,0,0,0,0,0,0,0,81,0,0,0,0,0,0,0,0,0,0,0,0,6997,0,0,0,908,0,0,0,564,0,5528,0,0,0,0,0,2465,0,0,0,0,0,0,0,0,0,0,60,0,0,0,0,0,0,0,0,0,782,0,0,0,16,611,355,0,0,0,0,2,2487,0,0,0,0
112,0,6,42,0,145,192,1386,43,224,362,66,0,100,844,0,243,1405,0,0,0,0,0,173,0,146,116,149,155,177,186,297,0,0,0,0,146,113,147,68,191,316,87,0,262,86,135,396,71,578,423,6,275,7,57,0,272,351,0,0,116,179,151,89,115,119,15,421,143,1,0,41,0,132,138,108,0,0,1,15,55,177,272,0,34,293,231,63,128,215,582,173,305,83,104,173,82,243,450,142,0,214,0,0,114,0,203,127,676,247,452,188,101,0,98,0,140,158,35,1008,66,128,231,142,8,267,25,110,26,23,67,475,0,156,0,0,42,1199,205,89,347,293,207,362,311,0,70,0,200,505,437,0,0,93,1,162,0,119,36,30,0,51,78,56,537,0,0,0,75,124,107,235,0,43,0,143,15,4638,0,333,201,0,162,998,0,329,0,113,70,205,253,71,0,0,439,291,232,0,0,62,0,422,67,0,212,30,0
1293,0,45,204,0,4,31,5013,0,61,205,315,0,0,0,0,17,510,6352,0,0,0,0,153,0,168,54,78,137,81,113,668,0,0,0,0,14,77,526,30,34,147,68,0,195,141,148,22,74,492,654,138,593,65,66,0,1397,197,0,116,0,1,0,161,472,124,78,389,102,19,0,27,0,170,496,119,0,51,48,36,32,259,259,0,91,128,375,0,150,394,5213,163,108,89,66,146,128,175,1102,154,0,299,0,0,131,0,1065,127,0,69,1036,2037,83,0,149,59,158,145,133,735,63,78,114,116,47,48,22,349,1184,890,219,182,0,267,0,0,514,0,484,260,144,244,102,1001,0,0,323,421,159,638,6506,0,0,81,271,235,0,134,98,170,0,76,142,48,764,160,0,0,459,6,40,280,0,102,0,151,168,0,0,328,74,0,430,1851,0,190,56,161,122,499,1,83,0,1177,121,1510,144,0,121,16,69,131,129,0,6,92,0
2782,0,103,220,0,10,0,4913,923,0,23,269,0,328,690,0,29,0,0,0,0,0,0,370,0,70,42,0,59,1,34,460,0,0,0,0,18,129,153,86,51,10,102,0,45,82,67,68,139,93,628,185,293,178,122,0,44,109,942,179,1,0,0,39,116,165,206,489,124,54,0,45,0,293,383,162,0,82,109,75,57,151,5,0,134,93,447,630,160,83,2256,201,178,158,50,105,100,40,36,37,0,97,0,0,287,0,248,91,1198,0,301,117,58,0,179,137,207,190,304,275,64,43,0,123,89,4,49,354,266,194,307,269,0,179,0,0,280,0,453,303,87,73,1,361,0,0,215,153,211,208,169,0,0,12,268,338,0,187,158,235,0,84,106,80,491,247,0,0,101,0,54,25,0,327,0,158,210,3723,0,111,200,0,361,0,0,501,187,259,106,302,0,159,0,2109,154,55,4,0,173,104,153,201,245,0,4,174,0
2730,0,32,202,0,0,0,0,1010,2,32,218,0,237,756,0,19,4731,4864,0,0,0,0,225,0,41,45,0,47,0,0,516,0,0,0,0,10,76,136,27,71,31,59,0,23,85,41,28,74,38,224,147,272,78,60,0,34,125,1273,151,0,0,0,31,88,108,81,438,95,12,0,26,0,329,364,114,0,48,98,31,31,123,59,0,86,101,429,444,125,120,92,170,178,91,57,55,120,20,18,14,0,72,0,0,126,0,237,77,929,0,291,97,67,0,148,62,154,141,336,289,65,39,11,58,46,0,18,221,242,303,215,244,0,169,0,0,365,0,1587,253,105,85,9,382,452,0,207,164,139,194,183,0,0,12,234,261,0,128,109,208,0,84,88,43,205,170,0,0,110,0,53,3,0,208,0,131,163,3702,0,90,110,0,343,0,0,766,101,185,64,216,6,119,0,663,143,79,29,0,128,14,89,183,190,0,10,130,0
4272,0,45,187,0,39,45,0,273,53,115,154,0,1347,0,0,120,0,0,0,0,0,0,312,0,17,4,28,7,30,38,413,0,0,0,0,0,69,104,10,16,95,101,0,72,39,35,183,74,98,786,108,238,126,56,0,77,128,0,89,161,39,31,0,48,117,141,407,154,0,0,5,0,512,306,155,0,47,50,29,26,48,104,0,89,126,960,272,123,45,150,191,227,108,4,35,74,70,55,9,0,76,0,0,187,0,227,140,654,46,474,53,28,0,24,76,234,197,294,398,30,0,51,3,44,40,8,234,147,233,308,280,0,134,0,0,337,0,1034,247,140,116,61,457,4980,0,207,172,215,184,201,0,0,0,188,275,0,139,117,119,0,41,103,58,160,127,0,0,89,2,14,42,0,412,0,109,130,0,0,60,357,0,531,0,0,415,92,206,21,159,63,90,0,0,177,163,75,0,88,11,75,221,224,0,96,137,0
132,0,19,115,0,26,115,0,639,119,454,162,0,686,3419,0,218,0,0,0,0,0,0,293,0,116,136,105,370,129,183,536,0,0,0,0,0,188,611,16,32,530,159,0,151,283,154,121,194,238,325,113,795,47,142,0,113,314,0,115,472,116,88,48,0,280,56,573,216,0,0,3,0,472,245,237,0,102,200,2,21,117,186,0,95,130,750,132,265,192,248,319,315,163,140,87,327,162,154,160,0,105,0,0,344,0,446,461,766,309,768,158,246,0,0,36,305,241,209,863,160,68,316,109,102,68,0,262,203,285,306,361,0,535,0,0,250,0,563,182,179,225,153,416,4941,0,123,342,445,1465,0,0,0,16,161,270,0,249,95,94,0,173,231,171,511,91,0,0,345,6,46,131,0,148,0,264,135,4985,0,153,251,0,463,0,0,0,54,373,11,431,147,141,0,0,262,119,137,0,96,0,65,287,122,0,167,77,0
