0,0,3432255,13693109,0,61525,216070,120029,207601,2110859,766461,30771057,0,209566,0,0,786975,1394269,4527562,0,0,0,0,11445292,0,3618592,1265320,679864,0,42529,16579,1720699,0,0,0,0,8046853,1638300,2360195,181683,54000,205481,973024,0,0,269756,105516,44927,6052849,118702,0,20759246,607748,7405196,27151,0,0,245591,0,2520083,1232194,777673,2417672,1179070,13484032,1448281,5211031,0,826702,29440126,0,606655,0,52595,7360034,2767085,0,7213470,473394,339184,6596973,261610,262451,0,2668490,0,0,322408218,2479815,13965,0,1028807,3125530,3889900,1386884,200602,960319,14449,0,1324325,0,83910,0,0,986971,0,160527,6552348,0,193079,0,0,519234,0,32593,8155247,6005918,2960261,2742560,0,2002811,478241,20790,2756318,1017572,0,1869383,1274557,2705473,609241,17591420,2891641,0,218034,0,0,3400965,0,4064883,11088480,396140,1144510,75253,0,378313271,11827704,12561040,107965,3533067,0,0,0,0,2431572,8134466,5499240,0,1792212,36576770,37249472,0,4769836,404043,667543,1848967,9160365,0,0,79205,1579788,13946044,32178,0,112659,0,9235062,5496344,0,0,139360,758873,0,1812183,0,0,0,34305177,34979850,1319267,190607,278976,3690418,0,0,7675611,0,328721,0,51456149,73624,9292393,34520606,12137808,0,81926,8153631,0
0,0,0,0,0,0,0,0,0,0,0,0,0,0,0,0,0,0,0,0,0,0,0,0,0,0,0,0,0,0,0,0,0,0,0,0,0,0,0,0,0,0,0,0,0,0,0,0,0,0,0,0,0,0,0,0,0,0,0,0,0,0,0,0,0,0,0,0,0,0,0,0,0,0,0,0,0,0,0,0,0,0,0,0,0,0,0,0,0,0,0,0,0,0,0,0,0,0,0,0,0,0,0,0,0,0,0,0,0,0,0,0,0,0,0,0,0,0,0,0,0,0,0,0,0,0,0,0,0,0,0,0,0,0,0,0,0,0,0,0,0,0,0,0,0,0,0,0,0,0,0,0,0,0,0,0,0,0,0,0,0,0,0,0,0,0,0,0,0,0,0,0,0,0,0,0,0,0,0,0,0,0,0,0,0,0,0,0,0,0,0,0,0,0,0,0,0,0,0,0,0,0,0,0,0,0,0
3432255,0,0,70137171,0,41770625,11909642,1859073,3286787,198018495,13351676,109464998,0,4937281,469591,0,16585815,2726193,1571564,0,0,0,0,16084138,0,23892221,70527977,144803044,25453864,67299688,155630246,25902978,0,0,0,0,118756249,72645649,13369354,258060821,111230664,5035794,125880488,0,486675849,5766001,102873094,1512790,155413268,56375984,2046883,165165491,22616835,280979710,21116975,0,165377178,27911687,0,48436459,11202679,57279178,54240601,37286855,532398722,67607721,148652736,8683549,34800044,4955656475,0,687518336,0,9997447,2700450,71822024,0,179896697,23770449,341380553,101907713,24928459,43213093,0,117888497,17893142,2892341,5904149,87476967,9791852,15135907,51098056,54085029,116364101,69852194,57037384,33527848,72664959,22427444,60196064,0,141325158,0,0,27804071,0,16833296,264095661,2369427,5804756,4807584,21926003,59665435,0,182106348,192760563,158306229,151818437,56045471,5690502,62211294,30798665,15944769,231802189,230583383,7156512,380601881,9391737,29879953,7139569,85279289,39978179,0,5675337,0,0,153053702,0,6585831,109238575,94609784,62192830,16035987,779622,1648606,0,72807523,6464000,40765604,808032,31253,0,0,297491079,29075630,47526565,0,86086733,313497094,306099391,0,176183071,41061133,54199691,9420041,35510971,0,0,6745097,56584729,110611146,184679039,0,7303786,0,7475101,93559721,3390938,0,38502248,3977060,0,33013576,1178515,0,6534905,843873694,76145084,77716625,17587499,161776810,54140808,0,2946136,78011557,9488933,54023566,0,195171070,86814149,728855983,218487921,94308069,0,15292548,82288339,0
13693109,0,70137171,0,0,41003971,9751812,1472196,1783682,72434271,9058752,28234178,0,2232573,285088,0,16139662,133997,3555337,0,0,0,0,9351477,0,13539621,17548070,67485510,8368492,3457544,263579269,10024809,0,0,0,0,6666410,26766282,10976609,58133254,14469198,1826497,19632230,0,47054278,8439051,15990572,4350974,68083598,22606762,256439,76543462,30261948,32450361,9878101,0,83057808,11466883,0,50753204,466166,13433082,11527487,4801562,43360346,17058370,97658294,3070574,24739199,500261713,0,38759008,0,2338452,2250266,30606628,0,47532777,5482544,31649191,17416471,8636260,11817300,0,52816841,10380313,603942,3621502,26979117,5456264,328577,20250806,45888628,53171728,17585867,24168705,21020825,28201975,16631127,17018449,0,40936812,0,0,12379863,0,3519369,338895282,3687938,2150275,1520980,5440752,10699225,0,11790022,53153130,68709516,46544677,23744983,3276627,24710763,8356895,10482958,33709968,69746486,5089149,30812891,4763950,22081605,9121356,34355491,6656197,0,3663271,0,0,44505221,0,3831989,63258546,18472398,36893404,20830171,1085381,1161518,0,912980392,7795676,18312326,1581289,0,0,0,67529652,18413274,14454189,0,31561994,145705747,1944779460,0,107857225,14981654,15962623,3855939,18014890,0,0,7548801,30307590,32914934,69350388,0,2657690,0,4495741,72196891,151139,0,6248918,740501,0,9194859,0,0,191236,252002112,32827985,39187289,13880567,13116368,26744341,0,0,11235950,3684554,21847278,0,138325902,17545130,255479944,22829248,75221956,0,7307672,44447627,0
0,0,0,0,0,0,0,0,0,0,0,0,0,0,0,0,0,0,0,0,0,0,0,0,0,0,0,0,0,0,0,0,0,0,0,0,0,0,0,0,0,0,0,0,0,0,0,0,0,0,0,0,0,0,0,0,0,0,0,0,0,0,0,0,0,0,0,0,0,0,0,0,0,0,0,0,0,0,0,0,0,0,0,0,0,0,0,0,0,0,0,0,0,0,0,0,0,0,0,0,0,0,0,0,0,0,0,0,0,0,0,0,0,0,0,0,0,0,0,0,0,0,0,0,0,0,0,0,0,0,0,0,0,0,0,0,0,0,0,0,0,0,0,0,0,0,0,0,0,0,0,0,0,0,0,0,0,0,0,0,0,0,0,0,0,0,0,0,0,0,0,0,0,0,0,0,0,0,0,0,0,0,0,0,0,0,0,0,0,0,0,0,0,0,0,0,0,0,0,0,0,0,0,0,0,0,0
61525,0,41770625,41003971,0,0,27171165,66402,3030078,148503764,9578349,23662164,0,730257,341764,0,17320130,911632,2411245,0,0,0,0,3793531,0,6068689,26660765,119192953,9583010,77013913,44836219,23472134,0,0,0,0,86594276,14778469,8049889,78240146,98206083,5096578,45496661,0,173124298,14491561,16644643,2363790,35315938,65989284,5421206,21802318,2780362,69697724,6372365,0,49310852,12774592,195045,11116287,2925843,46782455,105597827,8369084,126015192,18215896,50057789,3235616,8203044,332491507,0,62531159,0,3221593,1100410,13744354,0,54520060,10981985,85627931,17935676,10125781,42234037,0,95985925,13494924,40834,0,35919235,2914391,3958629,17300531,28263931,46704838,21484829,25006083,10878901,60655847,15080391,23233657,0,88010080,0,0,39230834,0,9672301,41908150,200445,5100453,7621295,10368474,14882820,0,44642052,66803361,52959336,54240847,7587660,2119109,33401556,17094669,30041739,252272595,122727315,65518060,85315865,7112364,9953396,4423600,41495824,17981242,0,5528991,0,0,34265102,0,3164396,14483232,36347194,68233064,28656214,0,0,0,39888498,1592210,11316736,1131082,20728,0,0,141147630,8236415,6251516,0,36941292,81963472,155047816,0,66554515,19613410,14415829,5943962,4755657,0,0,1402252,138283203,18645800,101347352,0,4238660,0,1600338,21550408,0,0,19950591,4383414,0,3505786,0,0,285894,160457808,15982499,15663248,7460181,262746808,10881535,0,44206160,54772417,19348417,23509013,0,42338728,192791558,40622948,92833686,24202011,0,37135547,29628930,0
216070,0,11909642,9751812,0,27171165,0,0,14639,102090062,20967432,37868503,0,62903,43850,0,16064305,0,0,0,0,0,0,2152336,0,14186369,29947292,244022475,5419551,85592030,18622496,860218,0,0,0,0,46947588,24899372,5101378,9144170,11879209,12800969,14834799,0,26511721,6584314,24241503,2069521,26701146,11030419,4642919,10392523,3501552,8955131,3136813,0,8810810,6839072,0,4867176,5531797,166026758,189713045,5615086,6696836,15629299,12339987,434083,11114048,86368219,0,10813696,0,1741575,3891969,6889741,0,81781861,7857166,11963583,11200484,3609272,168102744,0,16840995,17070160,3091867,571236,29366597,1464456,64966,17296554,15947832,21586371,18439816,10513189,16529661,18308540,2387140,25551983,0,47370877,0,0,25524737,0,101980755,60054588,0,159358212,415126,6923448,10707280,0,6974121,16405644,31054211,15062044,2581804,5668003,38582590,13765657,229279584,10677185,42915885,76759537,7840275,4688688,2941323,327107,6077683,7637649,0,1050932,0,0,4904241,0,268915,20686844,21439222,11358494,138819445,235417,0,0,15013694,1513486,13973583,3417443,0,0,0,81592036,2019331,14456504,0,24546372,42522909,20854207,0,73532861,9740028,7186966,4904565,1423287,0,0,6941219,78680819,18399396,58108364,0,957274,0,3812748,6273959,3900927,0,3962087,1709350,0,7921761,0,0,24859,35438663,9396486,39381877,4950246,983309154,11860463,0,8799887,10912114,2628448,30258822,0,21459566,16811774,57649296,24433076,13304485,0,67014767,15950130,0
120029,0,1859073,1472196,0,66402,0,0,223098,1834574,0,1288364,0,0,0,0,0,0,0,0,0,0,0,1612637,0,80604,259903,359965,0,0,0,449721,0,0,0,0,76486,671263,284624,0,3609395,0,371003,0,0,0,36746,0,5487138,0,57528,1934995,4202122,1210304,159982,0,0,3653,0,789535,86186,135748,0,0,0,1250120,4580874,0,5070486,7544928,0,44748,0,3746654,4526,27429989,0,2227961,242027,34785,125240,0,186978,0,11989448,0,0,0,3632975,0,0,3155510,0,2469627,187095,0,1199254,0,0,546139,0,100968,0,0,621424,0,2915670,1983568,0,0,121826,0,0,0,0,3580947,10853278,7490265,253667,0,313369,83047,224421,0,562350,0,467408,1336118,989041,674690,97403,0,0,0,0,0,5998691,0,584452,2719900,0,0,81559,0,0,0,62846,0,3909015,676634,0,0,0,749991,221450,1302329,0,2773310,25140797,3686789,0,550275,83970,89047,0,275612,0,0,60003,0,1398935,0,0,11079,0,5136,2297709,1530484,0,54200,9293,0,717166,0,0,0,3721738,1378220,705747,0,161160,4265773,0,0,0,0,0,0,73065746,0,7262961,0,4531685,0,0,3932793,0
207601,0,3286787,1783682,0,3030078,14639,223098,0,8746200,870573,5668781,0,813296,0,0,1474779,0,0,0,0,0,0,7636425,0,4069592,2193775,3526249,523947,27730,2589487,4711561,0,0,0,0,4892144,14629826,3468423,1104845,332013,130222,9015860,0,5227060,973503,6719775,192147,44927694,1289361,0,16595660,2453571,49350801,2719803,0,3966384,0,0,2836395,0,358857,87364,626086,3370447,8229955,24899334,0,12341677,42526799,0,4756273,0,734602,576048,11976824,0,7008119,3721939,6685849,805924,77202,2520031,0,47368144,89132,1965295,27680,10216249,32883,0,4424304,7548,40583036,10821823,1077452,5713921,1036348,57417,3455494,0,2958595,0,0,6744101,0,1300834,12820472,26488,0,153491,230783,2583777,0,2677898,12520948,17153572,40422258,49964998,0,10486626,685761,141722,1712238,7307001,303706,8667762,5859388,248299439,26332591,14440796,1084074,0,81227,0,0,54685894,0,7696190,88818792,238111,2192770,320426,0,0,0,2009505,794965,5361766,0,0,0,0,11671748,2972919,18049674,0,17975400,143431025,16563992,0,19101299,3359699,2905364,1580797,7743471,0,0,3016095,1132502,1392520,7613656,0,116625247,0,0,38886289,0,0,1224485,247273,0,2366849,0,0,0,45749536,20781636,8700038,1620345,1090789,22016360,0,219869,794378,504349,1028244,0,18414790,2177579,19511775,2072651,39541402,0,104345,113819011,0
2110859,0,198018495,72434271,0,148503764,102090062,1834574,8746200,0,347095191,347421257,0,9565088,657468,0,235339490,15699005,29275286,0,0,0,0,52088494,0,216709286,360145375,1473132511,89627942,265856586,747113960,392524807,0,0,0,0,264721437,400438614,107941316,408026488,226833358,437713628,369343368,0,4651504552,50542189,770977752,52147870,1027161625,937805016,9982395,277809830,134666567,1919572528,54525188,0,1014340765,613195856,4340007,98954092,20029173,227316804,314029564,72814471,153879690,287798581,229539872,131635528,258943534,1726134264,0,185498580,0,58302557,43023361,299837237,0,704393163,40565809,240845196,114856869,211788501,1109154763,0,357644169,612689359,19210572,11345352,1262411664,54530965,5913810,435310110,988745759,884208396,371784849,400259309,219887450,706629942,170133124,570714587,0,1383053118,0,0,267194848,0,626551765,2100923550,14569327,48885856,73150767,165867926,126848734,0,114755304,306243626,1333907702,975470351,95246124,113247617,354254261,203863649,357716137,912029478,515383137,56962213,285253461,61512233,69713827,16890982,126015058,550804926,0,66118394,0,0,606789624,0,33374964,959976158,1804651397,1323764763,243819581,30906052,450887,0,208231012,18035933,660199753,12099938,18507209,0,0,1492840802,35874426,246622459,0,974183674,1751780561,215692681,0,1103555810,415901488,73343934,84111872,34200727,0,0,52564779,448883570,300325377,1184593246,0,22366479,0,20145848,187106197,6118765,0,798511200,48676653,0,201673105,161942,0,49165913,693860667,214373909,343219219,63602405,12032965945,308404404,0,78031909,3328005247,226410191,1504472134,0,450088322,134266657,562320256,2808676989,796664230,0,914733470,225357707,0
766461,0,13351676,9058752,0,9578349,20967432,0,870573,347095191,0,122573073,0,74625,15335,0,303367107,333669,0,0,0,0,0,452860,0,21381625,36812491,61160197,11947695,8408621,9104416,13419456,0,0,0,0,12936279,14116399,20704478,17929185,2895554,302021578,60865323,0,22507512,11497786,48984051,3955724,35019493,12039545,1946545,24000325,1293574,9394236,1931227,0,28952430,35385564,0,24130332,3403492,48351512,63285720,6557374,7456359,24695794,19349363,273033,4939556,93847487,0,24529389,0,4039336,28757296,2926230,0,73174200,6077996,25419650,9212677,7436607,19096446,0,19883198,104221772,151321,17432366,28431655,10920237,1560505,15675490,24590857,47617753,55027441,15810931,13530481,24569317,4694442,85388614,0,24870017,0,0,72128050,0,16812249,22451103,28864,16665843,198475,8353706,22038840,0,61181938,43296329,12017254,4984953,3650594,4122373,51283175,35063991,8708154,24128796,93479529,5249754,13214061,5348673,12293202,4602013,3212949,21675570,0,6029921,0,0,2060013,0,283512,2630439,36772927,11643023,15999104,37214,712283,0,40213144,2641099,58482626,1103183,257794,0,0,85756038,6390619,4393563,0,27117353,26650662,15111171,0,84869922,10962912,9567197,8758719,4021061,0,0,8403307,39004467,32482535,29970911,0,1500445,0,2515152,18740974,302210,0,3709291,10542119,0,2260689,0,0,0,73255121,11588984,38255904,17750957,3176053629,10843560,0,14387962,53467698,18415327,92413974,0,62256597,9749122,32707897,40539676,6574341,0,199086383,12228468,0
30771057,0,109464998,28234178,0,23662164,37868503,1288364,5668781,347421257,122573073,0,0,9642224,596391,0,43127167,3466300,4688560,0,0,0,0,47511234,0,153831909,188028953,106747333,59535391,19222521,40619488,581410532,0,0,0,0,71451661,51252435,45550611,337099860,232426929,78390554,583830080,0,22982813,40003590,182103522,2510456,282856189,1864130,595666,571427749,116406094,569472911,65298266,0,15340683,122863871,0,420295768,22678858,74790799,119289798,11658385,121050973,175503452,284100946,0,155597704,1104809019,0,139060129,0,62783866,293297971,91101046,0,1911502120,75602787,462583125,49931316,4822893,103014471,0,721634697,48881447,14740841,55091957,316843690,33504824,37596906,629783604,252898236,1145042337,269522557,87661912,109283228,27480491,8870896,377221339,0,19666702,0,0,193189122,0,840585972,180695474,808677,54903035,127173815,14042869,68809070,0,139119188,456099496,507785079,408173100,59289728,22232791,217017887,77154467,29561929,449530313,590285970,33100435,61888170,157967060,68841046,12607122,111497728,92109978,0,20985612,0,0,59265691,0,44644668,159102174,312545200,23088815,20215174,235182,19037707,217405,74869574,68230194,161286869,16275478,1931508,0,0,419051592,61449252,254808599,0,387637815,495837926,124129628,0,637343042,49043587,215532366,29334164,52479434,0,0,18771213,1160831699,203265656,44689801,0,4567029,0,15302383,347327195,9161351,0,3372130,4373243,0,86889531,0,0,25381447,388559092,150175195,262683888,59668423,212297072,170181516,0,66284817,246011498,87799445,161526312,0,1126918118,60221517,231235971,487501943,79792215,0,9770843,158169713,0
0,0,0,0,0,0,0,0,0,0,0,0,0,0,0,0,0,0,0,0,0,0,0,0,0,0,0,0,0,0,0,0,0,0,0,0,0,0,0,0,0,0,0,0,0,0,0,0,0,0,0,0,0,0,0,0,0,0,0,0,0,0,0,0,0,0,0,0,0,0,0,0,0,0,0,0,0,0,0,0,0,0,0,0,0,0,0,0,0,0,0,0,0,0,0,0,0,0,0,0,0,0,0,0,0,0,0,0,0,0,0,0,0,0,0,0,0,0,0,0,0,0,0,0,0,0,0,0,0,0,0,0,0,0,0,0,0,0,0,0,0,0,0,0,0,0,0,0,0,0,0,0,0,0,0,0,0,0,0,0,0,0,0,0,0,0,0,0,0,0,0,0,0,0,0,0,0,0,0,0,0,0,0,0,0,0,0,0,0,0,0,0,0,0,0,0,0,0,0,0,0,0,0,0,0,0,0
209566,0,4937281,2232573,0,730257,62903,0,813296,9565088,74625,9642224,0,0,0,0,390922,197500,195042,0,0,0,0,12036107,0,4492881,3707189,10011341,3781537,36949,11925875,10223081,0,0,0,0,725405,32804654,1223666,276909,182165,231544,7824895,0,8559393,1496867,12643534,21042,92465318,5072771,1958826,5126981,16823946,6920746,5687134,0,11532908,4364592,0,12843995,0,86630,549678,1575800,1583495,4954765,16620766,91589,83689403,16404482,0,5947936,0,5250849,0,29298306,0,18450573,2105525,5441478,1557715,2771940,2760632,0,30972948,84597,2703193,0,11029242,196272,18955,12748207,102105,58244810,5905805,3748750,8925496,6251071,4556083,12261780,0,16907955,0,0,3649223,0,1483653,41874150,83990,57369,1064103,2742913,786065,0,2401604,5755016,51932599,39954407,13081386,2338645,3212648,846582,707785,17202054,11072498,62536,4753956,1769433,3663115,477314,47357659,4703286,0,1087757,0,0,465003817,0,6368310,163270236,833018,5605653,332620,6043,0,0,20159394,366944,15009084,53650,0,0,0,8891283,314762,23609031,0,13586486,1029575652,6922598,0,24330118,9669596,709223,2273546,2978902,0,0,2122084,1078542,3008648,32206445,0,6728569,0,322911,4851011,0,0,3483142,0,0,8755514,0,0,702647,16189037,2233153971,15190483,1076042,62505,732463343,0,0,887138,15859,6034306,0,11943117,712836,7672172,1203200,216942842,0,306306,41428926,0
0,0,469591,285088,0,341764,43850,0,0,657468,15335,596391,0,0,0,0,60697,286216,233275,0,0,0,0,214861,0,0,108681,161348,0,827491,6528,0,0,0,0,0,0,127237,0,1440481,941650,17631,0,0,2146278,87438,251363,63466,96809,0,184420,606403,0,106184,0,0,56242,0,0,18954,0,283760,261178,0,948539,0,195384,0,0,2134553,0,158481,0,12725,0,187639,0,1073041,4262146,1959972,477592,0,88581,0,120947,344625,0,0,0,0,0,63206,89081,167378,1457932,78733,0,66919,0,285542,0,0,0,0,0,0,0,0,0,0,0,0,62866,0,89574,1069941,362051,59501,21035,696788,182658,68135,5961,0,618930,164946,599396,7231,11656,0,27089,39426,0,0,0,0,4566,0,0,0,2630528,74373,12369,0,0,0,974975,183703,208765,0,62015,0,0,235580,513608,0,0,45603,367950,21769,0,678427,0,166828,0,510828,0,0,0,1092156,344140,7200,0,0,0,0,356014,1608551,0,0,138949,0,0,0,0,0,2328182,48538,162687,0,6022993,702079,0,3112287,102915,14199,1142065,0,12120284,119563,874342,1546533,394355,0,56653,294470,0
0,0,0,0,0,0,0,0,0,0,0,0,0,0,0,0,0,0,0,0,0,0,0,0,0,0,0,0,0,0,0,0,0,0,0,0,0,0,0,0,0,0,0,0,0,0,0,0,0,0,0,0,0,0,0,0,0,0,0,0,0,0,0,0,0,0,0,0,0,0,0,0,0,0,0,0,0,0,0,0,0,0,0,0,0,0,0,0,0,0,0,0,0,0,0,0,0,0,0,0,0,0,0,0,0,0,0,0,0,0,0,0,0,0,0,0,0,0,0,0,0,0,0,0,0,0,0,0,0,0,0,0,0,0,0,0,0,0,0,0,0,0,0,0,0,0,0,0,0,0,0,0,0,0,0,0,0,0,0,0,0,0,0,0,0,0,0,0,0,0,0,0,0,0,0,0,0,0,0,0,0,0,0,0,0,0,0,0,0,0,0,0,0,0,0,0,0,0,0,0,0,0,0,0,0,0,0
786975,0,16585815,16139662,0,17320130,16064305,0,1474779,235339490,303367107,43127167,0,390922,60697,0,0,0,0,0,0,0,0,986889,0,20024167,31949769,63858027,8270517,24620688,10542313,10463756,0,0,0,0,7118868,9755528,17264010,5927400,7326122,59749486,38500111,0,8153472,15708359,42575559,6952875,24924233,17291985,1277850,27746578,806261,32962496,457190,0,89898284,27371734,0,12492493,3038806,58399446,78755160,4794390,9670721,44284259,22997769,117833,2766752,71204282,0,17666574,0,1905667,36608967,1940761,0,47226880,1401752,13741388,6172438,7389598,32806642,0,8371479,66582439,0,27533548,19903226,6023401,5197980,4938912,2641398,24924933,26100556,15505850,5690646,18369467,7034179,103748342,0,33637241,0,0,28752270,0,7861332,31382375,84896,4913136,94226,4227579,15526800,0,5974718,24702621,7987780,6422342,9080846,3363295,40064325,41117623,2794811,30508236,67661164,3950756,6779696,13317071,12509305,4460117,3633125,41966439,0,8107641,0,0,289204,0,149272,1364621,18291973,16137861,15688612,0,0,0,7956466,1781512,6897636,2275480,10451,0,0,116343282,12446005,1197109,0,27475746,28413973,34555934,0,67127402,19572719,3600737,8553618,5006179,0,0,3652771,40051556,20295298,45055902,0,1161624,0,1323864,15549101,115596,0,9480311,12170889,0,2000119,0,0,0,74284504,2758947,43955471,3240673,669149664,19287138,0,6741002,91636627,13729877,76924689,0,42686848,7607868,40833802,25921611,6546387,0,143576512,10764973,0
1394269,0,2726193,133997,0,911632,0,0,0,15699005,333669,3466300,0,197500,286216,0,0,0,1076292320,0,0,0,0,676575,0,0,650457,2728931,0,168485,23635,626711,0,0,0,0,0,1020266,4077123,0,0,1847891,43364,0,192092,140210,1571013,433141,3181037,38842,0,1031425,0,3332108,0,0,0,3522591,0,15736,600033,0,63832,0,0,1549498,6547429,0,934707,3580572,0,0,0,62433,107995,1252151,0,2403525,0,98374,601661,0,360117,0,3821593,475345,0,208886,6231867,0,0,527350,21408099,9621935,1524172,0,0,365145,0,2955577,0,141831,0,0,131265,0,0,1568059,0,0,0,0,183106,0,0,3386820,3210077,664027,0,4199226,941024,1604236,3211966,5503906,360450,0,343685,138960,45585,0,6549907,2473912,0,0,0,0,255604,0,215813,32182,607266,100755,770461,0,0,9414806,0,0,3812642,0,0,0,0,1196283,0,239214,0,2380370,10705255,2130067,0,3791622,284828,0,0,230306,0,0,0,6562517,2483201,409971,0,1042922,0,139357,780589,2992091,0,42033,3044897,0,0,0,0,0,216844,23073254,259719,0,0,3152246,0,17957929,909929,270588,623192,0,1375478,0,53330,20433883,6073734,0,315086,7681592,0
4527562,0,1571564,3555337,0,2411245,0,0,0,29275286,0,4688560,0,195042,233275,0,0,1076292320,0,0,0,0,0,2338699,0,0,441322,6728369,0,1444902,0,0,0,0,0,0,0,145955,8136279,0,0,0,0,0,3901268,210736,0,1423063,3548631,78093,0,2281595,0,297571,0,0,0,3171245,0,0,106790,0,969734,0,0,0,3255488,0,83462,3753466,0,0,0,0,527662,2458087,0,2122929,0,119577,695854,0,4190328,0,2111721,610932,0,1041853,0,0,0,0,18686,21737653,369796,0,0,4826466,0,235620,0,806923,0,0,0,0,0,0,0,0,0,0,106738,0,0,1094071,546238,0,0,7045725,1855480,1222129,314752,10222684,909811,0,1227376,0,0,0,5396813,0,0,0,0,0,274878,0,0,0,946880,365063,0,0,0,27438306,0,0,73008,0,0,0,0,572079,0,0,0,0,3993038,4097919,0,5295517,0,0,0,135183,0,0,0,7643525,3293150,3839902,0,0,0,128004,236521,6446623,0,84499,159936,0,0,0,0,0,27363,3179216,0,0,0,572501,0,817004,1783035,996510,1932459,0,695068,0,30914,40100,9009299,0,468539,787992,0
0,0,0,0,0,0,0,0,0,0,0,0,0,0,0,0,0,0,0,0,0,0,0,0,0,0,0,0,0,0,0,0,0,0,0,0,0,0,0,0,0,0,0,0,0,0,0,0,0,0,0,0,0,0,0,0,0,0,0,0,0,0,0,0,0,0,0,0,0,0,0,0,0,0,0,0,0,0,0,0,0,0,0,0,0,0,0,0,0,0,0,0,0,0,0,0,0,0,0,0,0,0,0,0,0,0,0,0,0,0,0,0,0,0,0,0,0,0,0,0,0,0,0,0,0,0,0,0,0,0,0,0,0,0,0,0,0,0,0,0,0,0,0,0,0,0,0,0,0,0,0,0,0,0,0,0,0,0,0,0,0,0,0,0,0,0,0,0,0,0,0,0,0,0,0,0,0,0,0,0,0,0,0,0,0,0,0,0,0,0,0,0,0,0,0,0,0,0,0,0,0,0,0,0,0,0,0
0,0,0,0,0,0,0,0,0,0,0,0,0,0,0,0,0,0,0,0,0,0,0,0,0,0,0,0,0,0,0,0,0,0,0,0,0,0,0,0,0,0,0,0,0,0,0,0,0,0,0,0,0,0,0,0,0,0,0,0,0,0,0,0,0,0,0,0,0,0,0,0,0,0,0,0,0,0,0,0,0,0,0,0,0,0,0,0,0,0,0,0,0,0,0,0,0,0,0,0,0,0,0,0,0,0,0,0,0,0,0,0,0,0,0,0,0,0,0,0,0,0,0,0,0,0,0,0,0,0,0,0,0,0,0,0,0,0,0,0,0,0,0,0,0,0,0,0,0,0,0,0,0,0,0,0,0,0,0,0,0,0,0,0,0,0,0,0,0,0,0,0,0,0,0,0,0,0,0,0,0,0,0,0,0,0,0,0,0,0,0,0,0,0,0,0,0,0,0,0,0,0,0,0,0,0,0
0,0,0,0,0,0,0,0,0,0,0,0,0,0,0,0,0,0,0,0,0,0,0,0,0,0,0,0,0,0,0,0,0,0,0,0,0,0,0,0,0,0,0,0,0,0,0,0,0,0,0,0,0,0,0,0,0,0,0,0,0,0,0,0,0,0,0,0,0,0,0,0,0,0,0,0,0,0,0,0,0,0,0,0,0,0,0,0,0,0,0,0,0,0,0,0,0,0,0,0,0,0,0,0,0,0,0,0,0,0,0,0,0,0,0,0,0,0,0,0,0,0,0,0,0,0,0,0,0,0,0,0,0,0,0,0,0,0,0,0,0,0,0,0,0,0,0,0,0,0,0,0,0,0,0,0,0,0,0,0,0,0,0,0,0,0,0,0,0,0,0,0,0,0,0,0,0,0,0,0,0,0,0,0,0,0,0,0,0,0,0,0,0,0,0,0,0,0,0,0,0,0,0,0,0,0,0
0,0,0,0,0,0,0,0,0,0,0,0,0,0,0,0,0,0,0,0,0,0,0,0,0,0,0,0,0,0,0,0,0,0,0,0,0,0,0,0,0,0,0,0,0,0,0,0,0,0,0,0,0,0,0,0,0,0,0,0,0,0,0,0,0,0,0,0,0,0,0,0,0,0,0,0,0,0,0,0,0,0,0,0,0,0,0,0,0,0,0,0,0,0,0,0,0,0,0,0,0,0,0,0,0,0,0,0,0,0,0,0,0,0,0,0,0,0,0,0,0,0,0,0,0,0,0,0,0,0,0,0,0,0,0,0,0,0,0,0,0,0,0,0,0,0,0,0,0,0,0,0,0,0,0,0,0,0,0,0,0,0,0,0,0,0,0,0,0,0,0,0,0,0,0,0,0,0,0,0,0,0,0,0,0,0,0,0,0,0,0,0,0,0,0,0,0,0,0,0,0,0,0,0,0,0,0
11445292,0,16084138,9351477,0,3793531,2152336,1612637,7636425,52088494,452860,47511234,0,12036107,214861,0,986889,676575,2338699,0,0,0,0,0,0,20307713,21465539,51906465,27202768,2262979,19731629,51352052,0,0,0,0,6626374,72124194,10794477,53788466,16041850,1524162,55249902,0,23838265,35809163,51858844,1458516,265414139,10428633,60512,56218423,58238256,80353090,18299262,0,4326485,6948715,0,52275922,1745845,6071866,7946180,2335983,25506868,17600440,58221455,3082346,118609386,134054385,0,15567425,0,11929108,758059,43651967,0,172248267,57168261,15731272,14338012,4845165,5019196,0,98192145,2401327,4490770,7459649,35896154,2307558,3545354,27330435,24246022,138075562,66250667,13458454,70068027,21397491,914298,51411773,0,23675702,0,0,32907854,0,6092438,114899112,104047,331475,6668121,9676797,9095000,0,10442935,67053155,147333848,84573857,94337798,4445648,29553239,10600199,3252961,12058196,78267809,2853083,14237051,10864586,19156204,6914151,161528983,3130453,0,5011753,0,0,563970313,0,124448523,1133671734,5190224,31526888,3926477,163530,4224621,0,32351791,2324676,27910463,467715,0,0,0,37706091,4057957,1210162686,0,41044953,736641019,30366311,0,161065698,34577347,4816461,10592944,13590232,0,0,9042349,9418032,35791559,47304929,0,14080374,0,1442689,40868927,15548516,0,13001567,1433831,0,26667264,0,0,199493,75196152,86801367,177632133,23704190,20528074,153808394,0,24680710,21314333,7271051,56010084,0,138403032,2126016,47704192,48585205,457172085,0,4270392,83044345,0
0,0,0,0,0,0,0,0,0,0,0,0,0,0,0,0,0,0,0,0,0,0,0,0,0,0,0,0,0,0,0,0,0,0,0,0,0,0,0,0,0,0,0,0,0,0,0,0,0,0,0,0,0,0,0,0,0,0,0,0,0,0,0,0,0,0,0,0,0,0,0,0,0,0,0,0,0,0,0,0,0,0,0,0,0,0,0,0,0,0,0,0,0,0,0,0,0,0,0,0,0,0,0,0,0,0,0,0,0,0,0,0,0,0,0,0,0,0,0,0,0,0,0,0,0,0,0,0,0,0,0,0,0,0,0,0,0,0,0,0,0,0,0,0,0,0,0,0,0,0,0,0,0,0,0,0,0,0,0,0,0,0,0,0,0,0,0,0,0,0,0,0,0,0,0,0,0,0,0,0,0,0,0,0,0,0,0,0,0,0,0,0,0,0,0,0,0,0,0,0,0,0,0,0,0,0,0
3618592,0,23892221,13539621,0,6068689,14186369,80604,4069592,216709286,21381625,153831909,0,4492881,0,0,20024167,0,0,0,0,0,0,20307713,0,0,73815884,437444611,68415224,35969014,556802395,17130479,0,0,0,0,61439844,273938769,26747765,31070133,31560597,9859627,111194245,0,595084899,18648765,601741496,967844,536675275,126260903,8748665,51070786,13957891,21685552,49705974,0,282953844,7593848,46302,24864424,5573689,27434507,34371398,21106239,14205222,88812928,32853329,4754193,124784919,204707837,0,34477881,0,5935944,1565793,30297451,0,336672077,20437718,61426944,35084975,37159057,28037100,0,106511066,6446606,3839683,3350272,161936148,85990608,86871498,32618151,14150626,206230569,141018531,171854191,139268272,273332107,68015463,680581689,0,257021967,0,0,116125738,0,151941961,735223851,3631907,2027797,6316984,32929341,27315541,0,20326526,72274422,100868644,87951669,81105025,1781290,100352795,53842877,8764480,555718620,247273247,5494769,40858603,26730868,19763794,4610674,32147872,14177239,0,20925559,0,0,61033259,0,15447102,487676935,14762401,114926174,14356623,600052,68439,0,28260295,8653051,26030122,5928761,482305,0,0,642545259,4316083,107152191,0,111151207,514033994,51289748,0,350311155,109426019,34312660,51265734,9336715,0,0,21887855,192936562,79247241,731235664,0,9049852,0,6360383,23650523,2554881,0,39410904,1128130,0,19615850,44276,0,1608879,76532306,23898273,204891492,51809917,127648308,138650295,0,1963942,49010110,3551088,57600600,0,70106149,20078447,80437187,40687236,207903992,0,40799135,51643386,0
1265320,0,70527977,17548070,0,26660765,29947292,259903,2193775,360145375,36812491,188028953,0,3707189,108681,0,31949769,650457,441322,0,0,0,0,21465539,0,73815884,0,337738563,133166861,116844342,200363085,57608487,0,0,0,0,208470882,124231920,46813335,1387475967,518482880,18828000,275360454,0,318403354,50583492,223880316,3780284,243642029,98868419,3432090,79050532,35008980,144938378,25369807,0,224331022,33247077,841842,45692367,15075290,60688701,89436825,52504920,54928459,115276362,83655291,8433721,52882442,630756493,0,71149232,0,11378621,12516952,67813792,0,327964054,25710150,414158955,258886449,40068263,52100451,0,98808422,47045990,2687977,4484417,224265105,46594861,64368559,94603863,103681989,201564403,366101667,70852108,133403798,112367843,38330454,278170607,0,252092656,0,0,172068839,0,82503994,295931548,514487,15592140,16055691,44399851,153502412,0,42139663,216568804,271960163,248163732,29897295,8230214,344899266,203687296,75546844,2387859791,416059938,18971850,91900030,42931107,18644907,4843216,76765276,74589685,0,22937195,0,0,115255921,0,10162091,213720088,111700622,140630354,22234050,3390302,188515,0,191853792,13797869,123468508,11360946,616541,0,0,551777465,17753844,126885410,0,221554295,354688376,55933592,0,756702167,107612705,126673986,117023968,14513406,0,0,39367016,414452069,1120587660,257338305,0,7136878,0,66848925,57132549,14447550,0,54342132,2187734,0,46189315,2163518,0,2142153,279836696,60165608,287461271,97247629,463731544,103839634,0,2950452,91306239,6296729,83977221,0,199846574,35052125,163327731,379014256,197003659,0,88716155,84577842,0
679864,0,144803044,67485510,0,119192953,244022475,359965,3526249,1473132511,61160197,106747333,0,10011341,161348,0,63858027,2728931,6728369,0,0,0,0,51906465,0,437444611,337738563,0,134118468,313892122,2020666675,88030863,0,0,0,0,170647093,605069953,65433107,154023075,116540394,32922078,239884834,0,4487768004,48054097,1279255061,9403589,1475547822,719030867,1304386,184970193,63185500,886417640,113914540,0,2801630884,85195309,395485,66727991,25480244,155017291,310210891,56655497,90689151,202114227,121262366,42316834,384884228,979760536,0,100823765,0,28093279,7473610,142629576,0,603704998,43439662,134692547,91830617,90151192,276228997,0,359054144,98207393,14003690,5675339,430719946,22394674,6758304,199266523,178141521,498009686,379698399,580624707,358086738,1277906354,238865202,764360421,0,1125435859,0,0,222264560,0,325529133,2166884823,13211954,86876336,21342356,161961008,83659481,0,71873348,152600646,477454312,546218292,210017615,17484591,269925343,152683768,279367983,414522031,390793958,79007628,152795700,33498298,53815855,12280531,245214243,88209910,0,40871168,0,0,378537427,0,34864757,1428439875,229003663,1121888893,379108511,5165449,156377,0,115350924,11223575,151119147,9325655,1353833,0,0,1161065069,12667588,317692272,0,558070869,1668712094,378444018,0,1082490270,268491050,42905790,46234634,30052949,0,0,68094946,475668393,188619555,3369910491,0,21107715,0,16642649,127789596,2273913,0,192111422,10692769,0,90180741,36151,0,4541876,584033376,122069851,505476228,81806591,877005656,425955954,0,6238812,214794810,29987265,285432742,0,249573038,154136073,378732683,667112168,625933372,0,98314261,137576153,0
0,0,25453864,8368492,0,9583010,5419551,0,523947,89627942,11947695,59535391,0,3781537,0,0,8270517,0,0,0,0,0,0,27202768,0,68415224,133166861,134118468,0,7454954,214029474,10112859,0,0,0,0,93684639,97564906,18343955,113501023,44079298,2543631,78431002,0,104833456,18942837,188520897,216335,236956488,35444813,1863807,28695191,13716204,30406682,28051610,0,122615244,4387452,49294,53095589,19346060,16945299,24448039,11356726,11944702,69004519,25303521,2065216,97021856,273403385,0,24245607,0,3649159,3572696,32949601,0,147926327,6127839,167142279,124571349,9564912,27843950,0,67915416,5485197,6015580,0,192007847,45721169,72929658,42045716,39488991,225298010,650582107,59141122,92978869,56628583,26079637,297550090,0,64489798,0,0,54714995,0,136618388,288352744,1159189,2321860,3632327,10401681,114643147,0,4090464,69111711,172076189,100678264,78522160,581965,181511848,50089984,6769415,960501885,137611169,3897926,36137674,39634914,3742416,2293276,14928830,7566119,0,7854481,0,0,52713760,0,21221108,192937617,34071107,36713606,7027124,642617,0,0,78286469,8117530,27905530,5317177,66057,0,0,153484774,1773896,110665195,0,141332329,323442843,21079293,0,287502310,72699778,142695990,27694829,5939975,0,0,23448477,58658169,241148694,169561167,0,2016403,0,32572069,20814381,2373224,0,14701934,620007,0,14219748,0,0,1771894,139542239,20931404,159210433,60213055,49097926,81214492,0,1973625,13034386,3268192,15516207,0,61971676,6434099,54566000,15857915,241492999,0,18091827,39303023,0
42529,0,67299688,3457544,0,77013913,85592030,0,27730,265856586,8408621,19222521,0,36949,827491,0,24620688,168485,1444902,0,0,0,0,2262979,0,35969014,116844342,313892122,7454954,0,77645830,2940103,0,0,0,0,214355304,25805477,12899537,68521195,23661158,37049466,28096872,0,242575541,10064081,76516766,729171,50186169,27246163,1416886,26653578,5101242,21200644,5665261,0,73898276,13422180,0,12897151,6537695,173919683,247803025,58273864,10190208,20816773,18513360,1620148,15120063,273582397,0,23828650,0,500930,921577,7490716,0,154677664,56767071,59132335,51397737,9710158,37340990,0,21383040,21311380,248581,1402827,43662106,2586939,508913,16034756,35985959,35189467,47035829,28309577,29444238,57274193,14923036,67598106,0,43085623,0,0,32936204,0,32675941,77517273,124735,33011709,253860,11874855,15732284,0,7661713,26213952,32668396,17096816,3285482,0,54652580,53216561,62505524,62496989,39231834,74196664,90800804,14466784,1471954,504476,15488792,51501109,0,3309502,0,0,3683102,0,1159402,18613541,15059394,38199926,35204613,1954568,0,0,11040891,3295243,10673997,845784,13533,0,0,929849314,1179848,6884058,0,47799689,76964880,26032299,0,131872362,19282375,10874931,8792653,5310393,0,0,5345316,569293756,37496727,155261706,0,209548,0,4370243,11509677,1859412,0,6770717,720953,0,1136638,0,0,175041,129690831,11395713,80478709,6201782,497123629,26788087,0,82091065,12193771,3854923,46282469,0,53188798,12965451,60808951,155436163,18020139,0,87848064,21261189,0
16579,0,155630246,263579269,0,44836219,18622496,0,2589487,747113960,9104416,40619488,0,11925875,6528,0,10542313,23635,0,0,0,0,0,19731629,0,556802395,200363085,2020666675,214029474,77645830,0,46262863,0,0,0,0,98069291,545717601,129728695,111685411,73600497,9038023,236668504,0,3427809796,39257143,1243808891,469508,1077787035,732519044,24300,85876647,64835229,63870739,90910405,0,7810244366,28216147,0,23642644,1901216,33759369,73581334,67137170,18138548,230598114,128469189,3380904,274581935,795528956,0,84941916,0,5628807,349973,69262228,0,368619615,17231891,155419643,105389716,302295998,293025633,0,268984585,11772158,1700066,304634,346332907,117049338,25142578,196826138,28434251,723270732,352916429,1571851003,332946529,1955678750,1543656672,969720192,0,5390255368,0,0,258041127,0,109458488,2018010180,4704407,12873632,5403695,873703295,63711110,0,100180729,119069178,370290648,670628703,129709031,1315737,318889268,121313460,31704945,354618949,399577067,28587791,265248094,89680794,36889399,8455654,280124626,63065726,0,72501387,0,0,127100907,0,27765359,708618259,102482268,446259552,73642867,541804,0,0,55989253,7179864,62181233,5558611,1814,0,891292,988582239,7573386,134143791,0,631969848,1237181503,405544291,0,981585563,396675197,8577578,192883715,14991204,0,0,60593871,152259137,196472112,5254307242,0,8453052,0,9199834,48667787,46391,0,523758409,10681799,0,48626882,0,0,272560,333667787,140233742,414439999,164000171,60703229,431150548,0,446814,88053136,4722425,77557413,0,158093643,126300137,306695821,83258084,385384134,0,22501710,102095754,0
1720699,0,25902978,10024809,0,23472134,860218,449721,4711561,392524807,13419456,581410532,0,10223081,0,0,10463756,626711,0,0,0,0,0,51352052,0,17130479,57608487,88030863,10112859,2940103,46262863,0,0,0,0,0,19585225,265822971,47759963,30371073,26946162,2458416,1150693103,0,261649048,6272742,146658675,933884,774796658,326520611,0,69274738,171306800,76559442,11535632,0,83008824,17759783,0,70220589,4598242,4927179,38320144,7064352,21315627,214848679,118051993,233476,220662459,198327052,0,15499998,0,78968193,1658537,415877529,0,398929718,16726649,23306195,38162776,63092955,138339886,0,353442804,6621750,13872893,53513,695376192,4193908,579664,1091121038,17119080,795615264,70712166,91650390,92213352,87808906,41676966,54105677,0,406358933,0,0,171892700,0,147028971,368995014,2581912,157030,475105308,48079071,12740852,0,4883969,119482814,2728532468,3131443538,37883893,0,64332870,25087978,8147051,64222863,78445639,2696121,23957984,107034541,36815435,16699003,79203759,9940768,0,42361003,0,0,546253462,0,10060765,257361820,47027088,117650970,8740653,214507,0,0,64466944,12387461,2580751859,5416853,965324,0,0,96839864,10313818,499550410,0,554116674,1671580542,18851787,0,236704338,122936769,7967428,69503358,15706686,0,0,7912958,20326698,34889241,126729694,0,68270410,0,807567,70605738,0,0,302780534,1231018,0,254524142,0,0,1125038,195832357,329856997,557114871,74135549,45804998,304220356,0,128734,166946914,829835,23949046,0,124296222,7557922,81462966,75332801,5697029658,0,4759515,176479331,0
0,0,0,0,0,0,0,0,0,0,0,0,0,0,0,0,0,0,0,0,0,0,0,0,0,0,0,0,0,0,0,0,0,0,0,0,0,0,0,0,0,0,0,0,0,0,0,0,0,0,0,0,0,0,0,0,0,0,0,0,0,0,0,0,0,0,0,0,0,0,0,0,0,0,0,0,0,0,0,0,0,0,0,0,0,0,0,0,0,0,0,0,0,0,0,0,0,0,0,0,0,0,0,0,0,0,0,0,0,0,0,0,0,0,0,0,0,0,0,0,0,0,0,0,0,0,0,0,0,0,0,0,0,0,0,0,0,0,0,0,0,0,0,0,0,0,0,0,0,0,0,0,0,0,0,0,0,0,0,0,0,0,0,0,0,0,0,0,0,0,0,0,0,0,0,0,0,0,0,0,0,0,0,0,0,0,0,0,0,0,0,0,0,0,0,0,0,0,0,0,0,0,0,0,0,0,0
0,0,0,0,0,0,0,0,0,0,0,0,0,0,0,0,0,0,0,0,0,0,0,0,0,0,0,0,0,0,0,0,0,0,0,0,0,0,0,0,0,0,0,0,0,0,0,0,0,0,0,0,0,0,0,0,0,0,0,0,0,0,0,0,0,0,0,0,0,0,0,0,0,0,0,0,0,0,0,0,0,0,0,0,0,0,0,0,0,0,0,0,0,0,0,0,0,0,0,0,0,0,0,0,0,0,0,0,0,0,0,0,0,0,0,0,0,0,0,0,0,0,0,0,0,0,0,0,0,0,0,0,0,0,0,0,0,0,0,0,0,0,0,0,0,0,0,0,0,0,0,0,0,0,0,0,0,0,0,0,0,0,0,0,0,0,0,0,0,0,0,0,0,0,0,0,0,0,0,0,0,0,0,0,0,0,0,0,0,0,0,0,0,0,0,0,0,0,0,0,0,0,0,0,0,0,0
0,0,0,0,0,0,0,0,0,0,0,0,0,0,0,0,0,0,0,0,0,0,0,0,0,0,0,0,0,0,0,0,0,0,0,0,0,0,0,0,0,0,0,0,0,0,0,0,0,0,0,0,0,0,0,0,0,0,0,0,0,0,0,0,0,0,0,0,0,0,0,0,0,0,0,0,0,0,0,0,0,0,0,0,0,0,0,0,0,0,0,0,0,0,0,0,0,0,0,0,0,0,0,0,0,0,0,0,0,0,0,0,0,0,0,0,0,0,0,0,0,0,0,0,0,0,0,0,0,0,0,0,0,0,0,0,0,0,0,0,0,0,0,0,0,0,0,0,0,0,0,0,0,0,0,0,0,0,0,0,0,0,0,0,0,0,0,0,0,0,0,0,0,0,0,0,0,0,0,0,0,0,0,0,0,0,0,0,0,0,0,0,0,0,0,0,0,0,0,0,0,0,0,0,0,0,0
0,0,0,0,0,0,0,0,0,0,0,0,0,0,0,0,0,0,0,0,0,0,0,0,0,0,0,0,0,0,0,0,0,0,0,0,0,0,0,0,0,0,0,0,0,0,0,0,0,0,0,0,0,0,0,0,0,0,0,0,0,0,0,0,0,0,0,0,0,0,0,0,0,0,0,0,0,0,0,0,0,0,0,0,0,0,0,0,0,0,0,0,0,0,0,0,0,0,0,0,0,0,0,0,0,0,0,0,0,0,0,0,0,0,0,0,0,0,0,0,0,0,0,0,0,0,0,0,0,0,0,0,0,0,0,0,0,0,0,0,0,0,0,0,0,0,0,0,0,0,0,0,0,0,0,0,0,0,0,0,0,0,0,0,0,0,0,0,0,0,0,0,0,0,0,0,0,0,0,0,0,0,0,0,0,0,0,0,0,0,0,0,0,0,0,0,0,0,0,0,0,0,0,0,0,0,0
8046853,0,118756249,6666410,0,86594276,46947588,76486,4892144,264721437,12936279,71451661,0,725405,0,0,7118868,0,0,0,0,0,0,6626374,0,61439844,208470882,170647093,93684639,214355304,98069291,19585225,0,0,0,0,0,61021394,11936700,274980959,258919887,3200523,57472644,0,97105252,28288510,125824516,2078652,192940033,31032259,9472,52226899,9086418,252690507,11861438,0,107463165,36575784,0,178028047,12377648,38572567,70968939,160422090,49751511,15871843,208317594,48809945,49887851,1234848125,0,104273100,0,5503494,3610261,54982563,0,515208552,30134091,525250074,114107071,52020664,87594368,0,103578464,25436845,373355,76533,46480133,46143095,2425723,19762604,70252933,77737254,136197196,33634568,28502166,55832505,10960757,87472784,0,118148681,0,0,44139339,0,19035728,59813282,460857,22634446,1479650,39213030,41045554,0,61107247,176197897,113694123,45009216,7389160,2018765,215376284,129173089,79059304,306479320,280448460,67907887,465525381,14576194,5959864,692995,22348294,51352553,0,4148757,0,0,111579540,0,4776104,29335952,35570413,24798368,32013183,5048507,0,0,13608454,15256593,99715205,2592689,0,0,0,5094150705,13993600,36052784,0,63151032,174361094,41218098,0,365433797,19178899,133807773,14858148,6555993,0,0,5048554,502471936,179084555,60514680,0,9870252,0,8032871,54540651,2106412,0,21826704,9280783,0,9697662,0,0,44412,139195154,99646393,25447838,16791752,102797190,68338622,0,0,68002506,11433652,98030885,0,128467542,48501314,241995701,67499132,53796266,0,21911204,88192942,0
