0,0,185884,327849,0,59454,170449,114346,53824,652596,208376,280592,0,145654,0,0,204692,775268,3550053,0,0,0,0,528064,0,949891,239841,194799,0,37681,13163,402367,0,0,0,0,1425841,247686,1952887,136929,18079,115580,117133,0,0,31956,26807,44927,488042,87377,0,205463,185369,185862,18660,0,0,158040,0,101696,517253,723564,1801817,910705,363187,225581,510171,0,91734,515406,0,116858,0,52296,86083,290650,0,299783,66923,63893,415657,113515,227971,0,214844,0,0,40978,330002,13965,0,96936,657990,273983,122749,63172,58323,14449,0,212190,0,61179,0,0,146830,0,35853,511494,0,191303,0,0,140805,0,29119,243934,710637,308017,320431,0,177159,147397,20790,563854,134708,0,64048,200693,256823,94644,1566711,445647,0,163941,0,0,432704,0,480210,464325,112941,331265,68402,0,1189119,4880203,761119,7609,693640,0,0,0,0,327824,45190,216677,0,302452,1801789,1036348,0,335888,21560,264120,675917,13842,0,0,13364,206813,1977909,20337,0,39541,0,2380247,262737,0,0,92887,170460,0,470726,0,0,0,314271,6150276,238241,32263,182282,244487,0,0,1257595,0,129379,0,52529,21159,119502,5393339,593253,0,81926,786677,0
0,0,0,0,0,0,0,0,0,0,0,0,0,0,0,0,0,0,0,0,0,0,0,0,0,0,0,0,0,0,0,0,0,0,0,0,0,0,0,0,0,0,0,0,0,0,0,0,0,0,0,0,0,0,0,0,0,0,0,0,0,0,0,0,0,0,0,0,0,0,0,0,0,0,0,0,0,0,0,0,0,0,0,0,0,0,0,0,0,0,0,0,0,0,0,0,0,0,0,0,0,0,0,0,0,0,0,0,0,0,0,0,0,0,0,0,0,0,0,0,0,0,0,0,0,0,0,0,0,0,0,0,0,0,0,0,0,0,0,0,0,0,0,0,0,0,0,0,0,0,0,0,0,0,0,0,0,0,0,0,0,0,0,0,0,0,0,0,0,0,0,0,0,0,0,0,0,0,0,0,0,0,0,0,0,0,0,0,0,0,0,0,0,0,0,0,0,0,0,0,0,0,0,0,0,0,0
185884,0,0,955495,0,1078713,504582,81568,115782,8194950,880395,2509628,0,126667,141212,0,975437,534115,616861,0,0,0,0,655269,0,1236823,301936,4457577,756312,2341376,3940128,1804879,0,0,0,0,761772,1285189,473814,388472,1028345,417978,1105021,0,13913439,302423,3523571,80227,2820128,3868350,260132,2443836,1554944,2497512,311880,0,8591875,3116866,0,160740,188129,2191854,674422,833593,3582952,2593954,2639603,1273596,857221,2723,0,60111,0,413924,117042,2709736,0,355586,239538,19602,50219,1387901,2020881,0,2477871,1138438,407076,189139,3596227,920153,885819,1834368,3774125,2633938,2213952,3154174,895745,3769266,1877500,1834897,0,7874659,0,0,1076829,0,1886027,6537592,329524,239359,404923,1388457,941924,0,1425182,2901,5889696,4963676,1040850,605907,410495,682315,785652,5429812,261791,340082,1729,427650,649414,219178,4196831,3681010,0,467646,0,0,4254246,0,561954,3560250,6925187,4504864,966818,109960,172287,0,804355,60003,1980218,122146,21257,0,0,4242726,771982,1687108,0,2866084,6849180,2575969,0,3798051,1252854,272,961966,228048,0,0,179132,1331064,262653,9623962,0,190793,0,195451,2092807,2379021,0,2148913,303233,0,1580622,205615,0,525174,80821,2003171,117221,968000,3238034,1084869,0,675701,4517437,546247,2743015,0,2538190,1242390,18037,13414874,2416004,0,431798,2200174,0
327849,0,955495,0,0,1846586,733180,117258,82939,3788820,897785,1237779,0,517032,14537,0,1788649,131051,444023,0,0,0,0,687649,0,921187,977567,4028037,1194453,282018,14340451,1256092,0,0,0,0,374760,831916,1489596,2406363,1442400,330993,708945,0,3367960,475091,942061,278009,2008468,1850217,226120,1766974,2606657,1080995,315109,0,7833738,1931361,0,691148,42939,764541,706566,376033,1682689,941158,2899243,748859,1200862,290545,0,791444,0,152347,147905,1628987,0,1096102,184240,1060836,772176,643643,1124314,0,1748448,477647,144405,198589,1535054,871306,153519,1210660,3339039,2224296,1067443,1736487,1328085,2207595,1365069,1228965,0,3314969,0,0,562824,0,578332,14762987,668813,283835,196837,681230,457713,0,369774,1369824,3402958,2171476,1062347,667016,1001023,448213,958718,2440453,2447676,508910,750977,403615,608163,450631,1628537,773269,0,717907,0,0,2078478,0,283886,4606701,2319449,2324361,1452092,792635,90814,0,7229,625131,1242985,136324,0,0,0,2860315,389923,822164,0,1469131,3909415,100028,0,3951594,1374321,663953,723535,27994,0,0,305711,1759604,693618,4227639,0,158161,0,410466,1356381,102427,0,650392,64707,0,988208,0,0,132897,2400769,2223946,1662465,920550,1630016,1429486,0,0,941485,304853,1553559,0,2042406,712045,1915954,3232186,3576509,0,1019417,1859824,0
0,0,0,0,0,0,0,0,0,0,0,0,0,0,0,0,0,0,0,0,0,0,0,0,0,0,0,0,0,0,0,0,0,0,0,0,0,0,0,0,0,0,0,0,0,0,0,0,0,0,0,0,0,0,0,0,0,0,0,0,0,0,0,0,0,0,0,0,0,0,0,0,0,0,0,0,0,0,0,0,0,0,0,0,0,0,0,0,0,0,0,0,0,0,0,0,0,0,0,0,0,0,0,0,0,0,0,0,0,0,0,0,0,0,0,0,0,0,0,0,0,0,0,0,0,0,0,0,0,0,0,0,0,0,0,0,0,0,0,0,0,0,0,0,0,0,0,0,0,0,0,0,0,0,0,0,0,0,0,0,0,0,0,0,0,0,0,0,0,0,0,0,0,0,0,0,0,0,0,0,0,0,0,0,0,0,0,0,0,0,0,0,0,0,0,0,0,0,0,0,0,0,0,0,0,0,0
59454,0,1078713,1846586,0,0,1183775,66402,194275,5456885,464004,1355579,0,81857,55765,0,673123,123499,264557,0,0,0,0,429584,0,383938,728797,266837,851128,308233,778892,3824294,0,0,0,0,256666,739771,1258455,908184,1683678,414373,1060763,0,4291239,1398160,1233652,42691,1468642,2275594,449352,1130341,607007,1789832,155864,0,1352741,511315,178401,710873,8062,333770,21570,133794,1544875,1911207,1947356,914511,390738,1971337,0,1035201,0,290495,75924,796281,0,1144011,449240,969063,307677,649185,1911057,0,2280321,438721,40834,0,2801082,233528,545923,1519953,1281368,1664005,1686,1141869,862893,1780814,1000065,616985,0,3765852,0,0,3894853,0,1389173,2286087,134182,188431,834187,690806,528322,0,577332,2045586,3249100,4160459,560452,425355,1067837,633141,1096610,9600460,3580886,30183,979897,918692,552602,503188,4524852,1586059,0,804094,0,0,1570073,0,493537,1290146,2038248,2498629,677886,0,0,0,1177082,110149,995469,315283,17147,0,0,1565948,630265,576222,0,2088895,3741485,6380263,0,2337897,1159978,588197,1361841,293665,0,0,101010,1284,625796,2782021,0,364947,0,451369,1202174,0,0,1433135,280356,0,396861,0,0,276768,2936121,1238665,696889,787626,1109565,577202,0,8249176,3178263,457269,918438,0,2038552,1191453,1540907,8276763,1059720,0,262796,1582001,0
170449,0,504582,733180,0,1183775,0,0,14639,447243,231872,3189580,0,24604,43850,0,506795,0,0,0,0,0,0,274277,0,439943,851232,227609,138896,342250,297437,172698,0,0,0,0,517811,934361,385854,279541,333831,210824,720221,0,605460,314178,697707,156676,1190802,420191,433792,624942,516819,549202,162809,0,330928,406015,0,314895,73401,8979,36299,201335,287774,1552254,990474,433907,497127,1701758,0,249702,0,236608,964820,402749,0,2673468,330252,401259,356269,323187,633491,0,687573,710490,332390,246516,1727454,111369,42208,1302175,934219,1181802,571156,513468,757024,374282,150855,504114,0,1179048,0,0,2019996,0,7303239,1607691,0,460,29555,274007,536565,0,479834,953872,2416772,1282894,233458,654401,1307084,403018,19444,729059,1154861,696560,271150,821330,178938,93446,481539,575567,0,107425,0,0,514300,0,89526,1494314,765371,625323,89528,62248,0,0,877309,69638,1013107,192637,0,0,0,1238681,187791,1195519,0,1526606,2370362,1452023,0,2871665,350861,199884,1303046,107852,0,0,198838,314819,554725,896301,0,193200,0,173220,435731,3510990,0,211897,115351,0,749780,0,0,24859,1965248,996923,1300125,664213,3322048,469327,0,1514487,612350,236309,436969,0,1237581,652428,1980497,1949201,753553,0,1235840,875936,0
114346,0,81568,117258,0,66402,0,0,154606,218699,0,163434,0,0,0,0,0,0,0,0,0,0,0,362146,0,80530,179852,71863,0,0,0,447119,0,0,0,0,76486,36092,284502,0,935504,0,89514,0,0,0,36746,0,361722,0,57285,110812,986913,178439,75169,0,0,3653,0,373383,86186,135527,0,0,0,1201833,632334,0,941744,344557,0,14398,0,260422,4526,2715475,0,115728,51266,34781,95471,0,157468,0,751192,0,0,0,649955,0,0,358554,0,346452,30039,0,1195327,0,0,421161,0,100836,0,0,559895,0,1862878,648396,0,0,20744,0,0,0,0,321348,814584,456250,121071,0,46189,79680,223527,0,129352,0,68330,251531,215135,41231,28036,0,0,0,0,0,1399715,0,261087,944046,0,0,81559,0,0,0,16580,0,364328,674320,0,0,0,474444,86067,299447,0,315910,1776800,187157,0,32814,42754,58498,0,48482,0,0,60003,0,148708,0,0,11079,0,5136,140542,1442990,0,54200,9293,0,549594,0,0,0,166917,267880,177994,0,158631,578110,0,0,0,0,0,0,1997327,0,274044,0,296246,0,0,246961,0
53824,0,115782,82939,0,194275,14639,154606,0,853735,367925,245105,0,454052,0,0,524955,0,0,0,0,0,0,602278,0,235669,287964,325126,143206,15757,199710,791872,0,0,0,0,1218656,951749,308738,695117,153345,86513,516438,0,443813,65745,481754,15377,536724,420958,0,242643,172546,674666,103799,0,367609,0,0,69970,0,99571,40233,72795,726271,289227,101794,0,639825,936285,0,135324,0,111010,53965,640715,0,365642,196122,462268,31835,45457,789796,0,199887,38165,301820,27680,524553,31749,0,163757,7548,756173,738807,109254,844346,112263,25774,204570,0,294471,0,0,150453,0,157874,1778306,25656,0,50402,88605,157214,0,252355,307887,1215158,1391847,136,0,569092,110796,58583,111879,815403,303704,343100,89880,19407,2974,150906,887264,0,28924,0,0,146226,0,361248,2380472,51822,746168,174797,0,0,0,136126,103733,363205,0,0,0,0,738450,240365,288427,0,355611,8286,561167,0,1166426,607091,553160,255883,3219,0,0,210884,97856,136558,550167,0,33098,0,0,38079,0,0,467888,57088,0,572161,0,0,0,598891,637929,903575,267525,289740,372406,0,218801,83200,30149,88053,0,255753,228123,348929,308279,701117,0,104345,49368,0
652596,0,8194950,3788820,0,5456885,447243,218699,853735,0,32225,25026677,0,918434,89350,0,91039,1600396,3095065,0,0,0,0,5550821,0,433647,12232292,154099,3122240,2403521,22388,43074890,0,0,0,0,4518486,18918450,5387985,11299690,6726201,51710,16889118,0,463989,2422720,6100908,87155,50493247,33226321,395176,18702977,14822960,83778549,3355915,0,886935,206766,600295,7278440,395858,27408,362253,1954096,5514699,9367376,14453883,8791231,19339363,30739649,0,4723258,0,5163779,5495743,24248179,0,31763470,2555213,11774083,6745187,13011439,325356,0,19121595,30455,2443850,1385728,55748543,1703256,412017,29761733,28330,50073993,8447221,10389585,10203419,2628897,666610,506748,0,21837331,0,0,18550125,0,61217433,29232555,1819033,362886,7183690,6595316,5631506,0,4319503,18368941,83133932,71580648,5521294,5373202,15942741,6244089,9908,21031124,19549139,1906305,7387425,5031260,5799979,1399502,12931901,15569125,0,4208661,0,0,40607248,0,3297493,72874958,328066,1307565,326893,1896030,237187,0,15413736,1359499,37071577,848582,42527,0,0,9095051,3061188,19909281,0,49294338,96761536,9215663,0,56630517,12677777,3871758,5962981,2288728,0,0,2418883,1944854,11532415,202731,0,1951153,0,1048050,12854676,2102184,0,46600791,1923391,0,18284160,121569,0,2559434,37680032,20401754,7769005,3874037,222008,17629865,0,13147550,15004008,3354,10339,0,26039451,4494266,26535714,46015263,50636435,0,1788954,17185102,0
208376,0,880395,897785,0,464004,231872,0,367925,32225,0,11435788,0,24426,15335,0,346528,260933,0,0,0,0,0,64627,0,841381,1051575,1529170,362462,191542,364729,1470309,0,0,0,0,290767,806459,1394775,639709,110782,1076,3992645,0,1699580,481913,1797374,144474,2045694,466196,260687,2364817,180909,619386,163055,0,1490990,866100,0,2348331,212119,449425,634642,303900,1201522,1235514,1442444,192945,485813,3360902,0,957299,0,360051,3753661,317170,0,2776663,635276,1289597,709213,583288,637153,0,1517889,330699,76753,2231570,1876927,517127,128681,1713620,1211420,4211475,2138354,733085,735340,1254431,341165,2529183,0,1008491,0,0,7645029,0,1847618,933254,28864,359876,198471,341549,1006641,0,8427299,2008306,1330912,376189,792688,782931,1521381,1208599,137468,1308960,3213804,962307,479418,633760,1268559,438640,419567,1760654,0,1464833,0,0,529875,0,106364,949855,1410780,526799,337819,37214,560848,0,3936864,238726,4115285,91092,10367,0,0,1562120,996421,962512,0,1899922,1716220,1344594,0,3342236,583069,1099905,954185,389638,0,0,362256,674981,1183736,2216965,0,484761,0,177988,1393611,255303,0,223163,796593,0,358931,0,0,0,5404441,1036109,1587576,2017915,22240,937591,0,3049045,1774574,228769,13605,0,2774907,624252,2691557,1186414,604287,0,18616,882186,0
280592,0,2509628,1237779,0,1355579,3189580,163434,245105,25026677,11435788,0,0,785915,124146,0,5329097,1098763,825106,0,0,0,0,857028,0,8678895,8179198,7007907,2354244,1234324,2471595,77522191,0,0,0,0,3805673,1451124,2839154,17304055,13783705,7232710,7753364,0,2510795,1437208,13493625,171368,6487411,465476,440669,540883,6596551,7292052,2308423,0,1948199,10629879,0,7823286,2125917,5530263,7877522,623087,5518019,8904424,2908933,0,4166532,17555611,0,6368559,0,4644218,8595,3965107,0,33036524,3435328,17880041,1662963,536946,8793840,0,14071398,3615299,772011,128624,15052394,3088263,3063131,24268495,28847934,27014578,10499351,5504906,4561067,2268799,737832,13125143,0,2241960,0,0,6967578,0,62983758,6521027,128577,3401979,9293914,1287806,3167812,0,7664588,6235073,18999964,18957871,1169340,4325358,7690508,3607129,2843716,30473836,14021597,4879651,2610580,6260971,876840,266008,2609899,12225673,0,1205423,0,0,2606280,0,710160,1845498,31068989,3797134,1550109,53645,742255,162106,2847295,1893790,9265848,2036624,1501307,0,0,16859610,839779,6869768,0,15628572,7141282,2909893,0,15372987,2199983,10571491,2663652,518415,0,0,952472,42872374,7329477,5925766,0,238170,0,1047467,506878,5461171,0,490865,313295,0,5384508,0,0,6284737,6704151,5990363,6736521,4151288,17844532,3626248,0,8572201,19178881,5026371,13396148,0,436012,1995327,4395384,44141367,2381251,0,1533068,2656989,0
0,0,0,0,0,0,0,0,0,0,0,0,0,0,0,0,0,0,0,0,0,0,0,0,0,0,0,0,0,0,0,0,0,0,0,0,0,0,0,0,0,0,0,0,0,0,0,0,0,0,0,0,0,0,0,0,0,0,0,0,0,0,0,0,0,0,0,0,0,0,0,0,0,0,0,0,0,0,0,0,0,0,0,0,0,0,0,0,0,0,0,0,0,0,0,0,0,0,0,0,0,0,0,0,0,0,0,0,0,0,0,0,0,0,0,0,0,0,0,0,0,0,0,0,0,0,0,0,0,0,0,0,0,0,0,0,0,0,0,0,0,0,0,0,0,0,0,0,0,0,0,0,0,0,0,0,0,0,0,0,0,0,0,0,0,0,0,0,0,0,0,0,0,0,0,0,0,0,0,0,0,0,0,0,0,0,0,0,0,0,0,0,0,0,0,0,0,0,0,0,0,0,0,0,0,0,0
145654,0,126667,517032,0,81857,24604,0,454052,918434,24426,785915,0,0,0,0,44259,82894,89894,0,0,0,0,543398,0,369451,157950,1234296,947780,19317,1855865,775890,0,0,0,0,61318,1113025,200221,101103,29364,64078,342599,0,1432100,397562,1106437,20883,113124,955508,1540153,315954,406343,77948,335292,0,3594944,398243,0,287703,0,33771,42221,479669,331975,491527,155713,80868,138517,313557,0,1885584,0,286491,0,427406,0,680826,272482,317387,211888,1080813,1036820,0,240958,84597,967856,0,1394589,128505,18955,1095274,88336,342626,269672,356214,281085,2089002,980344,1842377,0,4464904,0,0,363963,0,405895,5623027,31102,19145,90722,687307,42846,0,410354,125697,1555503,2402290,641717,1651565,133407,51975,463346,4034708,374830,21224,615113,185019,158960,38588,808330,1093911,0,174949,0,0,2814753,0,566209,3337343,123015,732065,319590,6043,0,0,2195351,28015,547344,19617,0,0,0,521543,90698,244042,0,1435305,12126,647309,0,706660,1165511,49840,271880,182141,0,0,42958,98666,316563,4969271,0,205157,0,111151,505164,0,0,1374714,0,0,1552168,0,0,188046,945801,268108,502083,122944,62505,17642,0,0,167749,15859,752239,0,271976,100623,616816,215641,3642,0,90917,118450,0
0,0,141212,14537,0,55765,43850,0,0,89350,15335,124146,0,0,0,0,57750,92392,139591,0,0,0,0,57412,0,0,108663,42373,0,312593,6528,0,0,0,0,0,0,126822,0,766480,149304,16727,0,0,459765,82184,34307,56507,79258,0,183852,108954,0,20670,0,0,52921,0,0,18953,0,124103,113063,0,654962,0,69710,0,0,246616,0,43163,0,12725,0,52597,0,188421,632708,508739,71704,0,14295,0,34704,67646,0,0,0,0,0,17709,41101,26827,409888,77988,0,66919,0,49536,0,0,0,0,0,0,0,0,0,0,0,0,62866,0,89169,146771,163383,59449,20764,253500,34030,14454,5961,0,151264,67453,157405,7231,11596,0,23432,30208,0,0,0,0,4566,0,0,0,562262,74373,12369,0,0,0,85064,114491,70537,0,61952,0,0,44801,79623,0,0,45603,67759,12244,0,119562,0,45692,0,335337,0,0,0,191642,72689,7200,0,0,0,0,65331,1343829,0,0,15638,0,0,0,0,0,218850,48538,123477,0,572646,151678,0,330782,25795,7391,75173,0,973768,118818,123916,318521,43793,0,38818,42884,0
0,0,0,0,0,0,0,0,0,0,0,0,0,0,0,0,0,0,0,0,0,0,0,0,0,0,0,0,0,0,0,0,0,0,0,0,0,0,0,0,0,0,0,0,0,0,0,0,0,0,0,0,0,0,0,0,0,0,0,0,0,0,0,0,0,0,0,0,0,0,0,0,0,0,0,0,0,0,0,0,0,0,0,0,0,0,0,0,0,0,0,0,0,0,0,0,0,0,0,0,0,0,0,0,0,0,0,0,0,0,0,0,0,0,0,0,0,0,0,0,0,0,0,0,0,0,0,0,0,0,0,0,0,0,0,0,0,0,0,0,0,0,0,0,0,0,0,0,0,0,0,0,0,0,0,0,0,0,0,0,0,0,0,0,0,0,0,0,0,0,0,0,0,0,0,0,0,0,0,0,0,0,0,0,0,0,0,0,0,0,0,0,0,0,0,0,0,0,0,0,0,0,0,0,0,0,0
204692,0,975437,1788649,0,673123,506795,0,524955,91039,346528,5329097,0,44259,57750,0,0,0,0,0,0,0,0,218603,0,885212,1300971,1903743,492179,806475,329726,1362678,0,0,0,0,119279,635322,1247169,367312,440253,281275,1020603,0,411147,781204,1984832,78669,703184,783377,272520,2787601,74428,3523700,78580,0,4983769,826837,0,857536,29230,943229,691495,340099,735527,2829207,1550168,85729,262275,1109238,0,862840,0,643820,5587571,170109,0,1065388,183006,691401,135490,530487,1397125,0,319027,957297,0,3615888,1800737,356690,418207,564450,188585,1045560,1127253,877282,377523,709040,601783,3761445,0,1215899,0,0,3072938,0,816013,1780648,84896,207820,58438,334343,699668,0,507397,2023755,871536,547594,1295760,279514,1824442,1448991,127556,1887967,1310995,283457,218419,1385783,2027653,1116454,415812,5487388,0,1837938,0,0,280492,0,85258,1163317,818882,1354566,455272,0,0,0,1400054,611401,1044583,684631,10451,0,0,4292002,1721590,298716,0,2294972,1474550,2919886,0,3604596,1263469,291669,1373498,508099,0,0,277639,544143,900691,1348768,0,341631,0,106499,1219071,108383,0,584666,837145,0,223098,0,0,0,4312519,274574,2015209,1094851,2343763,730338,0,3152189,5313434,48093,581462,0,4054192,101587,2467309,1110223,662048,0,21697,1229249,0
775268,0,534115,131051,0,123499,0,0,0,1600396,260933,1098763,0,82894,92392,0,0,0,80969,0,0,0,0,164125,0,0,140066,397300,0,137219,23635,602589,0,0,0,0,0,175410,825235,0,0,1298154,43364,0,130820,103435,351642,368799,555883,38771,0,468345,0,520519,0,0,0,432509,0,15736,77154,0,63832,0,0,508646,979415,0,146949,543739,0,0,0,36052,35788,240149,0,369056,0,62385,235253,0,130285,0,684732,443199,0,131117,2046886,0,0,315653,3113448,1149958,370121,0,0,149394,0,439506,0,76425,0,0,131265,0,0,868166,0,0,0,0,81563,0,0,595233,508095,126553,0,422289,172872,275140,589288,974183,104869,0,71324,136238,17923,0,1605728,470640,0,0,0,0,43352,0,203534,32182,161154,41013,540136,0,0,4762533,0,0,1612729,0,0,0,0,531304,0,221684,0,399981,1711671,741139,0,834792,138017,0,0,230305,0,0,0,2948977,593647,133054,0,204848,0,132863,364859,749423,0,41878,297838,0,0,0,0,0,61005,4229204,144915,0,0,692965,0,1514027,375665,252091,70035,0,381375,0,36613,2977244,1083556,0,123687,1013818,0
3550053,0,616861,444023,0,264557,0,0,0,3095065,0,825106,0,89894,139591,0,0,80969,0,0,0,0,0,675559,0,0,96189,869212,0,1129086,0,0,0,0,0,0,0,38132,1584453,0,0,0,0,0,2256811,157992,0,1202896,569282,77939,0,745640,0,71009,0,0,0,2015737,0,0,106790,0,787774,0,0,0,372526,0,22759,734163,0,0,0,0,85387,754231,0,358704,0,74082,284973,0,1178894,0,439464,558316,0,513031,0,0,0,0,16795,3039121,159191,0,0,1835270,0,65151,0,256019,0,0,0,0,0,0,0,0,0,0,57191,0,0,188457,155173,0,0,945228,450056,739953,83325,1899412,471657,0,416665,0,0,0,1528329,0,0,0,0,0,91174,0,0,0,270382,123692,0,0,0,11952750,0,0,73008,0,0,0,0,279033,0,0,0,0,848420,734593,0,1605825,0,0,0,133372,0,0,0,3254593,777095,1190705,0,0,0,120395,145929,2487781,0,84176,85123,0,0,0,0,0,17895,922049,0,0,0,163773,0,229955,603712,926477,209606,0,314382,0,19733,38626,2181410,0,221937,190958,0
0,0,0,0,0,0,0,0,0,0,0,0,0,0,0,0,0,0,0,0,0,0,0,0,0,0,0,0,0,0,0,0,0,0,0,0,0,0,0,0,0,0,0,0,0,0,0,0,0,0,0,0,0,0,0,0,0,0,0,0,0,0,0,0,0,0,0,0,0,0,0,0,0,0,0,0,0,0,0,0,0,0,0,0,0,0,0,0,0,0,0,0,0,0,0,0,0,0,0,0,0,0,0,0,0,0,0,0,0,0,0,0,0,0,0,0,0,0,0,0,0,0,0,0,0,0,0,0,0,0,0,0,0,0,0,0,0,0,0,0,0,0,0,0,0,0,0,0,0,0,0,0,0,0,0,0,0,0,0,0,0,0,0,0,0,0,0,0,0,0,0,0,0,0,0,0,0,0,0,0,0,0,0,0,0,0,0,0,0,0,0,0,0,0,0,0,0,0,0,0,0,0,0,0,0,0,0
0,0,0,0,0,0,0,0,0,0,0,0,0,0,0,0,0,0,0,0,0,0,0,0,0,0,0,0,0,0,0,0,0,0,0,0,0,0,0,0,0,0,0,0,0,0,0,0,0,0,0,0,0,0,0,0,0,0,0,0,0,0,0,0,0,0,0,0,0,0,0,0,0,0,0,0,0,0,0,0,0,0,0,0,0,0,0,0,0,0,0,0,0,0,0,0,0,0,0,0,0,0,0,0,0,0,0,0,0,0,0,0,0,0,0,0,0,0,0,0,0,0,0,0,0,0,0,0,0,0,0,0,0,0,0,0,0,0,0,0,0,0,0,0,0,0,0,0,0,0,0,0,0,0,0,0,0,0,0,0,0,0,0,0,0,0,0,0,0,0,0,0,0,0,0,0,0,0,0,0,0,0,0,0,0,0,0,0,0,0,0,0,0,0,0,0,0,0,0,0,0,0,0,0,0,0,0
0,0,0,0,0,0,0,0,0,0,0,0,0,0,0,0,0,0,0,0,0,0,0,0,0,0,0,0,0,0,0,0,0,0,0,0,0,0,0,0,0,0,0,0,0,0,0,0,0,0,0,0,0,0,0,0,0,0,0,0,0,0,0,0,0,0,0,0,0,0,0,0,0,0,0,0,0,0,0,0,0,0,0,0,0,0,0,0,0,0,0,0,0,0,0,0,0,0,0,0,0,0,0,0,0,0,0,0,0,0,0,0,0,0,0,0,0,0,0,0,0,0,0,0,0,0,0,0,0,0,0,0,0,0,0,0,0,0,0,0,0,0,0,0,0,0,0,0,0,0,0,0,0,0,0,0,0,0,0,0,0,0,0,0,0,0,0,0,0,0,0,0,0,0,0,0,0,0,0,0,0,0,0,0,0,0,0,0,0,0,0,0,0,0,0,0,0,0,0,0,0,0,0,0,0,0,0
0,0,0,0,0,0,0,0,0,0,0,0,0,0,0,0,0,0,0,0,0,0,0,0,0,0,0,0,0,0,0,0,0,0,0,0,0,0,0,0,0,0,0,0,0,0,0,0,0,0,0,0,0,0,0,0,0,0,0,0,0,0,0,0,0,0,0,0,0,0,0,0,0,0,0,0,0,0,0,0,0,0,0,0,0,0,0,0,0,0,0,0,0,0,0,0,0,0,0,0,0,0,0,0,0,0,0,0,0,0,0,0,0,0,0,0,0,0,0,0,0,0,0,0,0,0,0,0,0,0,0,0,0,0,0,0,0,0,0,0,0,0,0,0,0,0,0,0,0,0,0,0,0,0,0,0,0,0,0,0,0,0,0,0,0,0,0,0,0,0,0,0,0,0,0,0,0,0,0,0,0,0,0,0,0,0,0,0,0,0,0,0,0,0,0,0,0,0,0,0,0,0,0,0,0,0,0
528064,0,655269,687649,0,429584,274277,362146,602278,5550821,64627,857028,0,543398,57412,0,218603,164125,675559,0,0,0,0,0,0,1842337,1580596,3509995,3451052,406268,1395757,3616768,0,0,0,0,248162,1707365,655545,3073484,1271018,208126,2822653,0,2107774,3045296,3481361,147922,4487078,1321177,51581,1562341,2041045,2780493,1860014,0,801428,1757732,0,2935520,110660,699357,504897,198116,2392451,808328,2054369,643004,3590377,5361626,0,747761,0,1100100,60475,2071671,0,8937050,6522786,504347,485121,507457,636544,0,2863949,261543,737859,264356,1769665,263215,680442,1430528,2850130,2950427,5854805,1298406,7033462,1572027,477828,3191850,0,2551657,0,0,1062034,0,689967,6366350,90869,48557,524232,1199420,822270,0,621254,2663351,6707430,4088861,2279747,1366569,1914168,905882,198124,1275766,3606293,559534,604592,389482,675476,255183,2891401,542089,0,1147688,0,0,8262225,0,15855,112256,650917,3744813,346898,26445,980793,0,1981691,371011,1978657,112704,0,0,0,2373430,259086,41800,0,1759565,2247687,1976514,0,9192965,1984419,522075,1082936,598733,0,0,609132,947166,1964259,3247443,0,654586,0,308018,1092842,6068773,0,1599117,156342,0,2561800,0,0,36075,3196002,4488622,9320250,4786927,2240389,4787974,0,4847744,1962530,669106,5502334,0,5325509,151031,1885425,5996784,11013838,0,949890,1669637,0
0,0,0,0,0,0,0,0,0,0,0,0,0,0,0,0,0,0,0,0,0,0,0,0,0,0,0,0,0,0,0,0,0,0,0,0,0,0,0,0,0,0,0,0,0,0,0,0,0,0,0,0,0,0,0,0,0,0,0,0,0,0,0,0,0,0,0,0,0,0,0,0,0,0,0,0,0,0,0,0,0,0,0,0,0,0,0,0,0,0,0,0,0,0,0,0,0,0,0,0,0,0,0,0,0,0,0,0,0,0,0,0,0,0,0,0,0,0,0,0,0,0,0,0,0,0,0,0,0,0,0,0,0,0,0,0,0,0,0,0,0,0,0,0,0,0,0,0,0,0,0,0,0,0,0,0,0,0,0,0,0,0,0,0,0,0,0,0,0,0,0,0,0,0,0,0,0,0,0,0,0,0,0,0,0,0,0,0,0,0,0,0,0,0,0,0,0,0,0,0,0,0,0,0,0,0,0
949891,0,1236823,921187,0,383938,439943,80530,235669,433647,841381,8678895,0,369451,0,0,885212,0,0,0,0,0,0,1842337,0,0,1062947,1798545,405187,579178,616579,2327340,0,0,0,0,757189,8687481,707107,489723,651643,252326,2227473,0,6392092,686450,56259,95529,19519276,2569199,1087236,1880703,2048408,903774,1853222,0,640924,448705,40833,1100440,405711,860613,573122,158403,627414,2729212,1416502,890392,9212194,2203259,0,575331,0,490373,146598,1849402,0,7247648,1025451,1853997,1021201,401686,928465,0,4824590,397962,552890,766206,4793903,1118,158570,1755434,1093961,8111252,754454,432354,2706507,2215896,119423,4810,0,3197976,0,0,4439128,0,7945289,6803215,152262,57820,545187,321117,851346,0,760560,2132384,5104809,3338327,3584974,232730,3271160,397794,288138,148406,4524069,195753,713234,1223615,926625,252084,2373530,1636805,0,741166,0,0,5510153,0,1430025,27784351,1012693,2710224,381755,142545,63043,0,1311047,192564,1526777,408101,103715,0,0,10429,235510,5973481,0,3783012,18617806,2746345,0,5540662,2079845,1426131,1167114,375435,0,0,529979,2563663,1588047,6715177,0,546301,0,244409,1024910,2134310,0,631403,118753,0,1967915,44276,0,198230,3452309,2136262,1698113,2461185,4517952,5740656,0,791813,2780203,205402,1304694,0,2549302,736574,3159554,2223697,8540038,0,1878898,2520515,0
239841,0,301936,977567,0,728797,851232,179852,287964,12232292,1051575,8179198,0,157950,108663,0,1300971,140066,96189,0,0,0,0,1580596,0,1062947,0,7354593,455,2085417,3304916,3696046,0,0,0,0,1882643,3438445,1524197,54161,4003778,611148,6530227,0,10138066,646618,3320957,254365,4164492,3623552,332497,4241052,2646344,4306538,535786,0,5508265,3044122,831910,1840738,473067,1394736,2111444,145451,2501952,4932766,3989279,1478716,3073360,18361,0,61199,0,998116,1143431,4205962,0,2963931,887103,61676,26931,1065930,2090348,0,3748109,2100715,518788,635836,8999457,12180,75494,5790367,9302945,4973608,4071,1702637,3332681,3247145,1083404,295148,0,7825508,0,0,7518445,0,4155603,7058408,61630,364227,1031321,1385613,45108,0,1776494,6221392,17739034,11026447,1496059,962455,856464,161614,1801406,3187385,5623089,481235,16248,3850845,1213027,425014,7487274,6673091,0,921298,0,0,5392631,0,646802,15341553,7580802,5786305,940875,376504,21897,0,9383257,290556,5879508,528030,61008,0,0,14385,1224494,8136225,0,13273936,13260057,2623268,0,8036471,2452838,1955871,3002112,825008,0,0,729109,668970,77555,6592505,0,418358,0,62307,3966505,5356277,0,1551955,156940,0,4651773,670970,0,262614,9860925,3760426,1154346,2179259,10427248,4068536,0,831929,7336440,358621,3878058,0,7861665,533245,9233350,33753772,7093146,0,2305473,3362447,0
194799,0,4457577,4028037,0,266837,227609,71863,325126,154099,1529170,7007907,0,1234296,42373,0,1903743,397300,869212,0,0,0,0,3509995,0,1798545,7354593,0,2428692,113,165830,5980877,0,0,0,0,1525428,22279137,2526603,3282016,2797254,306484,8550994,0,22418,1705861,13550931,425664,52566207,4079906,101746,9884574,5730208,29015571,4320700,0,165720,4144619,112881,3513690,754635,16713,13651,901113,3759083,7826169,6003156,4104917,16860789,16689667,0,2148310,0,2069174,499562,9172843,0,21144933,1659880,3438335,2636762,2096588,543936,0,15367331,2628769,1484260,1173442,18111273,406064,196618,11824022,9006038,26270113,8589831,8142518,10536771,29085,917590,209988,0,4083737,0,0,12662167,0,15705795,41107731,1096440,103620,1536403,3264657,2660594,0,3483352,7402624,25486364,25751778,10685734,1503662,9217693,3253998,18575,4467558,12110954,97448,3935911,2553419,4266112,678973,24440600,7325518,0,1728291,0,0,28315408,0,3163806,89411617,8862711,1928401,3177,588852,155922,0,6346174,585773,9831806,485502,60159,0,0,6361054,1433913,22588994,0,28965763,82833295,22677213,0,36951457,7849555,1533469,2607506,1904055,0,0,2327782,80013,4676535,24299,0,1680950,0,466031,8465589,1184174,0,4593493,709211,0,8075515,36151,0,538031,27176879,6546359,10966296,3097560,3976567,22743109,0,1514287,10899710,986618,73619,0,13946175,6229050,16842816,33178065,27701026,0,2753065,8025926,0
0,0,756312,1194453,0,851128,138896,0,143206,3122240,362462,2354244,0,947780,0,0,492179,0,0,0,0,0,0,3451052,0,405187,455,2428692,0,107808,2218784,805112,0,0,0,0,1485789,4789086,340273,34496,1250416,185814,2386273,0,2771841,138870,28022,26433,10335017,1876391,1294130,1305896,1673891,911651,778872,0,3685950,360733,43557,1750856,675676,346503,374218,31798,1412709,1855035,1141579,387057,5473693,260573,0,68705,0,258958,394826,2208885,0,2750954,169576,1807315,3035,321575,951214,0,3251115,390699,985322,0,4795726,55947,54517,1880755,1936465,8335249,9431,749040,1438286,1555812,269826,13516,0,1747139,0,0,3052432,0,4759189,1357049,164665,85386,255630,283865,27905,0,150048,1710787,7186650,3199003,2684732,549851,841966,17096,194000,583645,2353688,418796,497238,1799308,276604,193804,1042307,896440,0,381246,0,0,6322725,0,4065977,10915516,2285373,1637891,270663,126249,0,0,5956448,126217,1286661,637684,21012,0,0,401248,115293,6097204,0,4178851,12627622,1253174,0,2887090,1020307,3877242,939965,461877,0,0,306568,590042,7587,3942027,0,221871,0,1316354,1248403,2309472,0,658970,76161,0,1887133,0,0,244433,5748840,1914194,25987,2308208,1223400,3411369,0,808904,908826,222205,532187,0,2097251,279774,2486789,1188292,9155083,0,735353,1779810,0
37681,0,2341376,282018,0,308233,342250,0,15757,2403521,191542,1234324,0,19317,312593,0,806475,137219,1129086,0,0,0,0,406268,0,579178,2085417,113,107808,0,104702,466415,0,0,0,0,788140,1024524,561087,1860259,784029,477532,906045,0,2553436,477631,1249606,61495,1933571,522485,53838,1148067,345011,1465276,372787,0,784985,554245,0,708121,264399,135324,15461,746663,490431,828006,1306086,329926,552207,4038067,0,307504,0,112615,699658,459035,0,3390080,2197885,1616014,857672,258550,469860,0,887916,1109869,90556,305615,1901362,76084,481600,962761,2202350,1587071,1097618,651209,1558139,696276,147062,551183,0,971372,0,0,3297674,0,2053411,2108137,123699,60777,46055,473272,481180,0,381704,1117902,2719500,1407129,589911,0,1676524,880299,719532,1791383,1241977,225094,1751299,1347498,181966,101084,1295001,4556308,0,233583,0,0,568964,0,188746,1094904,782193,779891,346016,377983,0,0,524299,120781,998250,319949,5399,0,0,17091,161186,686134,0,2524848,4205190,1830115,0,4030672,812031,560421,955728,560992,0,0,218256,9353,835174,401615,0,34929,0,411780,952665,1434095,0,378127,88606,0,304079,0,0,65604,5522376,818787,1628707,670381,4200209,1482041,0,16395762,852427,182698,1532967,0,2217694,681740,2598521,9484968,1253083,0,2006048,1421810,0
13163,0,3940128,14340451,0,778892,297437,0,199710,22388,364729,2471595,0,1855865,6528,0,329726,23635,0,0,0,0,0,1395757,0,616579,3304916,165830,2218784,104702,0,2500504,0,0,0,0,139104,19481354,3171328,2415115,1950113,293263,5722437,0,5216380,1248712,203818,60159,37465054,7496753,9998,4278990,5110063,2994119,3565614,0,105322,1083760,0,1370970,99603,428381,6449,952058,1040658,6179973,5783321,514939,13711906,12748016,0,2233362,0,591990,84606,3701697,0,12864496,1000120,3988553,2457764,2997248,4560910,0,9865444,473539,238277,160291,9855420,225639,548165,7220842,1775321,26974649,4282172,1353803,8627218,2974495,252099,74503,0,782342,0,0,14492117,0,5593803,28958839,416169,142418,392670,198555,1536218,0,4865163,4626257,17005061,20755618,7978281,90642,7959402,1443813,324777,24446,9813240,334916,5378936,3955593,2545502,761288,27257759,4760676,0,1884086,0,0,7252786,0,3820814,40012555,3718920,4498442,252729,158250,0,0,4046797,371230,2732370,365942,1814,0,613036,863388,724401,9088308,0,19039517,49355602,16336887,0,21982351,8106089,312354,4826726,921585,0,0,1752269,264841,2980434,24131,0,385467,0,267632,3907375,46391,0,421886,843784,0,4225025,0,0,137445,15006356,9619375,1082355,3964437,1159651,20896959,0,156854,4336841,229497,154554,0,7501599,3089102,11850008,5243347,20792871,0,640811,5619593,0
402367,0,1804879,1256092,0,3824294,172698,447119,791872,43074890,1470309,77522191,0,775890,0,0,1362678,602589,0,0,0,0,0,3616768,0,2327340,3696046,5980877,805112,466415,2500504,0,0,0,0,0,3086707,9343379,2470095,3288913,2582209,517771,26541467,0,16352061,764877,8423884,266012,16228309,34345806,0,4984198,6056089,3191140,2111378,0,12381776,4784831,0,5260992,1608667,762972,4805393,1117479,3299910,7422930,7088903,213059,6304078,11451137,0,1748029,0,1506651,284715,7397259,0,11305937,1438128,2333887,2591859,5514465,18624727,0,9538624,739498,1004053,52197,134281,435658,187443,12090299,2055489,945679,5582145,7004381,4003681,8386154,4054714,3233904,0,30403364,0,0,5410992,0,3287833,10414334,289303,54501,105577,2894852,1637435,0,768265,6393661,6341184,30911,2644622,0,5921753,2710580,1639454,7068404,5941703,495422,2032381,4260270,2432280,1683945,5201176,1209863,0,4906017,0,0,44484029,0,2018455,16818712,5448328,18273153,839500,186244,0,0,6346586,1757307,129325,189788,291615,0,0,6831202,2102093,44654094,0,2724961,42040499,1840819,0,10327724,4315329,1961387,6096214,1643391,0,0,1506493,2789826,2413867,10337928,0,4152088,0,553161,4362383,0,0,23553740,240027,0,10597622,0,0,926361,9416610,9936830,19221454,5175035,4068817,9089079,0,128026,17444713,135335,3031910,0,10097517,952564,5376933,10028039,125031419,0,878649,6167230,0
0,0,0,0,0,0,0,0,0,0,0,0,0,0,0,0,0,0,0,0,0,0,0,0,0,0,0,0,0,0,0,0,0,0,0,0,0,0,0,0,0,0,0,0,0,0,0,0,0,0,0,0,0,0,0,0,0,0,0,0,0,0,0,0,0,0,0,0,0,0,0,0,0,0,0,0,0,0,0,0,0,0,0,0,0,0,0,0,0,0,0,0,0,0,0,0,0,0,0,0,0,0,0,0,0,0,0,0,0,0,0,0,0,0,0,0,0,0,0,0,0,0,0,0,0,0,0,0,0,0,0,0,0,0,0,0,0,0,0,0,0,0,0,0,0,0,0,0,0,0,0,0,0,0,0,0,0,0,0,0,0,0,0,0,0,0,0,0,0,0,0,0,0,0,0,0,0,0,0,0,0,0,0,0,0,0,0,0,0,0,0,0,0,0,0,0,0,0,0,0,0,0,0,0,0,0,0
0,0,0,0,0,0,0,0,0,0,0,0,0,0,0,0,0,0,0,0,0,0,0,0,0,0,0,0,0,0,0,0,0,0,0,0,0,0,0,0,0,0,0,0,0,0,0,0,0,0,0,0,0,0,0,0,0,0,0,0,0,0,0,0,0,0,0,0,0,0,0,0,0,0,0,0,0,0,0,0,0,0,0,0,0,0,0,0,0,0,0,0,0,0,0,0,0,0,0,0,0,0,0,0,0,0,0,0,0,0,0,0,0,0,0,0,0,0,0,0,0,0,0,0,0,0,0,0,0,0,0,0,0,0,0,0,0,0,0,0,0,0,0,0,0,0,0,0,0,0,0,0,0,0,0,0,0,0,0,0,0,0,0,0,0,0,0,0,0,0,0,0,0,0,0,0,0,0,0,0,0,0,0,0,0,0,0,0,0,0,0,0,0,0,0,0,0,0,0,0,0,0,0,0,0,0,0
0,0,0,0,0,0,0,0,0,0,0,0,0,0,0,0,0,0,0,0,0,0,0,0,0,0,0,0,0,0,0,0,0,0,0,0,0,0,0,0,0,0,0,0,0,0,0,0,0,0,0,0,0,0,0,0,0,0,0,0,0,0,0,0,0,0,0,0,0,0,0,0,0,0,0,0,0,0,0,0,0,0,0,0,0,0,0,0,0,0,0,0,0,0,0,0,0,0,0,0,0,0,0,0,0,0,0,0,0,0,0,0,0,0,0,0,0,0,0,0,0,0,0,0,0,0,0,0,0,0,0,0,0,0,0,0,0,0,0,0,0,0,0,0,0,0,0,0,0,0,0,0,0,0,0,0,0,0,0,0,0,0,0,0,0,0,0,0,0,0,0,0,0,0,0,0,0,0,0,0,0,0,0,0,0,0,0,0,0,0,0,0,0,0,0,0,0,0,0,0,0,0,0,0,0,0,0
0,0,0,0,0,0,0,0,0,0,0,0,0,0,0,0,0,0,0,0,0,0,0,0,0,0,0,0,0,0,0,0,0,0,0,0,0,0,0,0,0,0,0,0,0,0,0,0,0,0,0,0,0,0,0,0,0,0,0,0,0,0,0,0,0,0,0,0,0,0,0,0,0,0,0,0,0,0,0,0,0,0,0,0,0,0,0,0,0,0,0,0,0,0,0,0,0,0,0,0,0,0,0,0,0,0,0,0,0,0,0,0,0,0,0,0,0,0,0,0,0,0,0,0,0,0,0,0,0,0,0,0,0,0,0,0,0,0,0,0,0,0,0,0,0,0,0,0,0,0,0,0,0,0,0,0,0,0,0,0,0,0,0,0,0,0,0,0,0,0,0,0,0,0,0,0,0,0,0,0,0,0,0,0,0,0,0,0,0,0,0,0,0,0,0,0,0,0,0,0,0,0,0,0,0,0,0
1425841,0,761772,374760,0,256666,517811,76486,1218656,4518486,290767,3805673,0,61318,0,0,119279,0,0,0,0,0,0,248162,0,757189,1882643,1525428,1485789,788140,139104,3086707,0,0,0,0,0,1061875,718915,781551,140123,114689,1024708,0,2415038,813383,1642024,57735,2999034,1190099,9472,2357758,753920,5759175,171389,0,2441727,1576055,0,6602917,161269,371077,367370,8982,4909,641258,7251843,6180870,1545316,149303,0,39103,0,237385,1048188,2036988,0,5301921,570231,1220726,552559,1375116,3438220,0,2607212,1317889,221784,76533,2179557,750690,132237,923876,2541176,2074520,372903,946492,1348589,1178335,466317,1010401,0,2606749,0,0,2492852,0,1402518,2142601,138201,257276,134654,821569,704861,0,171710,4551901,4790047,1118572,455685,254502,3841497,120291,1526743,1909151,2856269,664059,73877,350715,469731,101294,1620085,3835518,0,295111,0,0,5845310,0,463470,1858930,2139607,1162372,531672,645437,0,0,695250,638197,3058001,890577,0,0,0,57126,807008,1963693,0,2334405,5888739,1930933,0,7687583,889570,976703,1639294,310254,0,0,199864,646,1977867,1548103,0,785925,0,219014,2315970,1200602,0,886074,351797,0,2700370,0,0,37098,3211502,5485307,424944,843720,854725,2462577,0,0,4725597,628343,1658638,0,2854733,222,5784536,4065353,3011420,0,260930,2537568,0
247686,0,1285189,831916,0,739771,934361,36092,951749,18918450,806459,1451124,0,1113025,126822,0,635322,175410,38132,0,0,0,0,1707365,0,8687481,3438445,22279137,4789086,1024524,19481354,9343379,0,0,0,0,1061875,0,3410675,3465303,2060768,753025,111938,0,51038738,560910,28760228,123706,259864,18417529,305404,3540784,3470788,461948,1829837,0,16315802,1382154,0,2583373,131400,5110549,1570834,807617,5961876,6586840,918578,1993945,5622184,2164203,0,1124446,0,1137523,241614,6200970,0,17065075,7120079,2942437,1338987,1955460,5778549,0,21370,575144,1562031,76910,13172732,1405882,425387,8430631,3205610,61886,10014225,7180231,12192084,18081326,3166883,20438683,0,16293078,0,0,101027,0,3755566,47581527,863740,84313,970595,1908160,1508445,0,2746422,3272683,21612988,14090780,4971965,417836,3264891,1725975,1435392,7122437,5621532,246689,1948253,1676916,911016,99483,9361597,4466024,0,2454550,0,0,21986970,0,2327964,27548336,2134854,7646340,1354626,93770,445552,0,858160,579646,9191506,1880206,13798,0,0,11336280,1547639,8032682,0,8648235,9728931,2932409,0,17586160,10859350,522142,4061764,318233,0,0,1437272,3180780,2393764,35535861,0,876107,0,249291,2938541,128351,0,9899267,393589,0,4072548,0,0,27207,15572649,4098471,16315068,7019345,6884974,127192,0,25736,5808875,173575,5006613,0,7276320,763747,5695199,8109736,16718613,0,418686,3810676,0
1952887,0,473814,1489596,0,1258455,385854,284502,308738,5387985,1394775,2839154,0,200221,0,0,1247169,825235,1584453,0,0,0,0,655545,0,707107,1524197,2526603,340273,561087,3171328,2470095,0,0,0,0,718915,3410675,0,486510,1633573,243720,9982,0,6116763,287619,1841891,208553,40736,3201761,1335575,1489749,2536142,1220277,331900,0,6752497,418918,0,774433,394907,1053285,638419,175485,2679695,116933,2143824,938451,1727657,2783729,0,560363,0,509606,597197,1942133,0,3868290,960528,1084136,574520,819053,1174268,0,3272014,659860,1178553,33596,77008,424676,132676,849,2052402,466318,1493898,1631091,6712,2544551,1342141,1572897,0,4677528,0,0,99868,0,1684392,33599,95737,196684,633151,884415,569543,0,1322522,1437386,398771,1952070,658755,872091,1672517,819257,288558,1929374,1643939,140012,700359,99233,759205,141384,3194249,3118879,0,5379,0,0,13737073,0,273454,5902144,1606908,1750187,551261,0,0,0,2608814,168470,1603275,167015,0,0,137667,2527304,150290,2270963,0,244499,9160712,819908,0,268528,14228,468668,1395,491808,0,0,57529,2495999,1581113,4443748,0,301998,0,714012,1897033,1946183,0,2297474,387346,0,4493411,0,0,0,2359078,2105582,81466,2900,1707193,1987173,0,28516,1268188,156588,1245737,0,1386644,430184,1566485,1459185,5021022,0,465774,2075324,0
136929,0,388472,2406363,0,908184,279541,0,695117,11299690,639709,17304055,0,101103,766480,0,367312,0,0,0,0,0,0,3073484,0,489723,54161,3282016,34496,1860259,2415115,3288913,0,0,0,0,781551,3465303,486510,0,74708,158748,2687835,0,2563682,418903,1440638,230737,5275272,1334158,502037,3551459,2568049,3949676,525176,0,3001189,3236065,0,2110877,65583,1448806,509255,407635,717441,1476403,3533652,594316,2151266,20233,0,27082,0,2319294,1040806,3070953,0,3310486,629394,1353,68991,1118015,1300589,0,3226313,1518997,381197,601822,4602537,649547,90680,2158082,5586676,4067807,721541,1683476,1848574,702748,566998,271900,0,2381231,0,0,923665,0,1060860,3262942,64572,386818,3918796,663521,903616,0,263179,2677733,16879753,6198561,997759,849952,3461782,64924,1086970,1752706,5539879,504088,3455,1412081,746508,151638,3360941,6741983,0,156940,0,0,1127126,0,912130,1209266,5418475,929831,1199325,165223,0,0,5908191,934989,5019320,124147,33368,0,0,3638977,743545,9463400,0,4163788,5124035,6639590,0,7027133,2657215,1947002,2335779,1284648,0,0,653083,1117143,67734,1249756,0,331301,0,1000806,3000193,2215238,0,1256184,1119993,0,3547985,61968,0,106054,6421346,4109842,2344896,5711175,1309548,2442154,0,975988,11429923,574220,2188667,0,8831151,2540449,5558894,47201435,2642546,0,328991,2281527,0
18079,0,1028345,1442400,0,1683678,333831,935504,153345,6726201,110782,13783705,0,29364,149304,0,440253,0,0,0,0,0,0,1271018,0,651643,4003778,2797254,1250416,784029,1950113,2582209,0,0,0,0,140123,2060768,1633573,74708,0,91204,2756905,0,2356712,1185265,1353171,205849,3661455,1040308,213794,3016430,1148788,6904888,364521,0,3308302,1138710,0,638255,49998,616054,1141005,599224,755748,2581807,2703078,1968907,3488913,92481,0,23566,0,144748,2621419,3668022,0,2991758,572287,751946,659048,1290676,1209971,0,1247510,544632,228696,109650,4134030,136602,9986,3411167,1823967,3199354,7473606,1459316,7786702,845206,735176,1046295,0,2193639,0,0,1999965,0,1112237,4176902,351380,224604,1636351,980759,1500179,0,51269,4170786,6505446,6476857,1063290,258683,2130093,239595,272684,2213258,2451716,625072,99647,693632,639899,388377,1051775,10728295,0,798487,0,0,326823,0,393249,819861,5699445,1463413,508836,0,0,0,2829466,840291,2323540,0,37221,0,0,790404,262793,16343385,0,7197118,6927016,2624958,0,4771583,2067151,387903,1457897,209634,0,0,485878,2181464,1254986,944913,0,898991,0,1143982,1902270,432417,0,1580311,357878,0,584029,574941,0,0,5727114,1015908,762645,1758125,779520,1451979,0,0,6279619,55179,3690456,0,2613654,1885820,2285946,9115102,1711887,0,538812,3574668,0
