0,0,0,5048955,0,0,0,0,0,3962207,0,52686255,0,769458,0,0,0,2607898,6385359,0,0,0,0,62629211,0,510223,26556,2010412,0,28536,354856,0,0,0,0,0,0,734365,0,0,5197562,0,406690,0,0,25287,290292,522692,1190270,0,0,29432913,1445051,9936846,12603,0,0,1539459,0,2268367,0,296193,717991,0,0,14308,6460807,0,2124717,17362594,0,3098843,0,0,9346140,796517,0,17110323,1250031,6806960,28455,0,0,0,9457615,0,0,876209253,142987,0,0,363912,8382586,9572257,672491,0,11156,0,0,303000,0,0,0,0,9597,0,0,0,0,0,0,0,5351446,0,243344,12092693,2137210,1811664,1641211,0,2172406,52608,0,0,13461142,719679,8690619,45444,556324,53745,15089792,7602767,0,0,0,0,0,0,2177066,3595005,1724448,0,554826,0,482117775,57089067,127652,0,118494,0,0,0,0,803686,9823775,6228560,0,51966,64391732,2872697,0,2768575,0,13531424,0,2892894,0,0,594749,137846,239067,0,0,0,0,1827893,3267939,0,0,0,21483544,0,290157,0,0,0,26760615,146462071,8973586,0,0,5222272,0,0,48135386,0,1098527,0,68354089,354988,8275312,149674849,1800350,0,0,1251032
0,0,0,0,0,0,0,0,0,0,0,0,0,0,0,0,0,0,0,0,0,0,0,0,0,0,0,0,0,0,0,0,0,0,0,0,0,0,0,0,0,0,0,0,0,0,0,0,0,0,0,0,0,0,0,0,0,0,0,0,0,0,0,0,0,0,0,0,0,0,0,0,0,0,0,0,0,0,0,0,0,0,0,0,0,0,0,0,0,0,0,0,0,0,0,0,0,0,0,0,0,0,0,0,0,0,0,0,0,0,0,0,0,0,0,0,0,0,0,0,0,0,0,0,0,0,0,0,0,0,0,0,0,0,0,0,0,0,0,0,0,0,0,0,0,0,0,0,0,0,0,0,0,0,0,0,0,0,0,0,0,0,0,0,0,0,0,0,0,0,0,0,0,0,0,0,0,0,0,0,0,0,0,0,0,0,0,0,0,0,0,0,0,0,0,0,0,0,0,0,0,0,0,0,0,0
0,0,0,470025549,0,170807853,34282626,5944438,7420869,494956201,47631182,254790751,0,9213021,6263645,0,63918187,807319,25666452,0,0,0,0,54469003,0,91484321,179914966,469298515,27423712,254325300,1405953560,34436887,0,0,0,0,121138484,396703453,41642859,681967653,207990100,32003479,102836369,0,1726718313,21186614,236755423,7954802,482927984,341629370,151367,693838352,100888324,570964991,56505650,0,1067965268,187015401,0,165935874,20587920,121459977,142103239,67792251,939065015,56797364,308626107,8341536,67690688,18768016200,0,875900609,0,37270660,8525728,147087486,0,278597409,67171192,600732205,194671216,39949627,295743539,0,280311439,19731670,11369042,9598043,221497350,36737932,559518,75778648,301008456,422090854,201807394,101904301,102450813,473605518,72747034,121655870,0,886403074,0,0,47147605,0,11151397,1113420602,7265063,8784130,23285683,35652013,34733305,0,740497474,331188436,217490937,234172364,117691813,348383,134221094,42340962,36651688,585523727,590991705,27929338,777240850,12128897,71406833,43539932,565056325,47575058,0,4211466,0,0,484915754,0,21877038,325866934,259077642,218929557,64449596,7923978,3930498,0,177603564,9882759,79654159,1895144,3264654,0,0,561134699,22725613,89325171,0,289164563,681604395,525520235,0,365255404,107038653,64315152,11530748,35853496,0,0,25645945,102920935,153692063,926073145,0,5642685,0,8366796,277338693,0,0,27519453,7706955,0,20140036,0,0,10118547,966605395,63756427,143323218,57983853,304648179,63119341,0,11150725,141554442,4205669,80372027,0,450984954,158687724,754375962,348533117,338138720,0,37871132,114805824
5048955,0,470025549,0,0,17562932,251655556,27140,43256182,298722835,32451128,66768252,0,17665595,0,0,63047331,0,2760889,0,0,0,0,74096267,0,41941831,73878208,395864584,19452084,3982055,9989321130,18673993,0,0,0,0,18953566,81521417,7186686,43100136,15287378,2421915,46399417,0,209360660,38590341,29414688,6215817,79459853,152458293,0,193987869,51035447,114339929,61431907,0,1152529023,60688541,0,239699124,2417031,99830776,45649166,14509364,103482899,50096894,141730880,0,114600609,837938795,0,109939132,0,12401987,4471100,97402568,0,127445904,22025552,44585820,31788312,22851141,5717729,0,207458153,10265955,703838,4763756,60738593,15343976,2031417,23547519,132058569,81718328,49849514,50490832,70638145,132470895,59121342,49319845,0,256657543,0,0,10209577,0,34715107,4787941745,72810696,9169663,3632448,33413655,29417600,0,59289193,130490939,101927928,128750275,22340767,33201511,73456313,10594002,98222972,93972654,371264598,13385360,65006737,6384523,32163813,1729936,122846802,19986584,0,1512813,0,0,186714626,0,27437331,175484845,41082050,47445169,27067371,606134,1131993,0,2194542055,8675728,115962530,469102,0,0,0,118740118,26313471,28952632,0,79864913,328595983,1310216850,0,302775717,64740808,142480701,44460822,20663904,0,0,24384645,28353759,41108790,483504559,0,2224483,0,24811545,56466006,42548,0,70867421,7050182,0,5289779,0,0,2404201,365933908,81829855,138381127,52616572,18192361,58914302,0,0,23539434,2463912,44964994,0,190758330,12541395,748210064,46149192,681549994,0,7462384,73135106
0,0,0,0,0,0,0,0,0,0,0,0,0,0,0,0,0,0,0,0,0,0,0,0,0,0,0,0,0,0,0,0,0,0,0,0,0,0,0,0,0,0,0,0,0,0,0,0,0,0,0,0,0,0,0,0,0,0,0,0,0,0,0,0,0,0,0,0,0,0,0,0,0,0,0,0,0,0,0,0,0,0,0,0,0,0,0,0,0,0,0,0,0,0,0,0,0,0,0,0,0,0,0,0,0,0,0,0,0,0,0,0,0,0,0,0,0,0,0,0,0,0,0,0,0,0,0,0,0,0,0,0,0,0,0,0,0,0,0,0,0,0,0,0,0,0,0,0,0,0,0,0,0,0,0,0,0,0,0,0,0,0,0,0,0,0,0,0,0,0,0,0,0,0,0,0,0,0,0,0,0,0,0,0,0,0,0,0,0,0,0,0,0,0,0,0,0,0,0,0,0,0,0,0,0,0
0,0,170807853,17562932,0,0,96799017,212426,1118374,375821566,29912992,40706763,0,1147472,0,0,81180464,683149,0,0,0,0,0,25650496,0,22534972,42194847,378117343,5611751,292735951,41781154,2065985,0,0,0,0,230630456,35335579,12642922,349204747,188004926,9916875,20623376,0,5366095447,12553418,82252716,9834236,48493668,171076643,1536914,32021006,6458664,96346585,15015467,0,58675412,49852438,3639098,14495030,4182233,94144061,151807678,23978502,637621193,33853362,82996336,1030425,18354041,743692942,0,149751115,0,6300141,455237,34310760,0,60739269,35231818,101793344,53288556,42631899,8506606,0,45034278,43771445,2440624,0,64803011,4974615,0,59894080,82912961,108030605,21557871,40416259,13095472,348255526,26241017,23649853,0,864976860,0,0,20437033,0,12442382,139358187,1854874,42229140,1390048,31141791,15038290,0,250780087,74693499,124102152,129425885,5990454,33329843,34353752,13676454,106664573,269803646,238506102,66968804,173659293,8648962,11763921,3814963,187549321,24127385,0,8566896,0,0,41801877,0,330014,88881886,34034871,332064451,17397265,336196,0,0,15869897,4280034,20918189,0,4883,0,0,231343626,4092479,13426783,0,36767203,111866991,112072487,0,63283936,41215438,18662219,8315323,4009722,0,0,5760334,170293193,86695858,222084801,0,372455,0,557034,18316143,0,0,16458947,12903235,0,4554869,0,0,1267316,207797606,22074531,24136952,6789937,624273981,13851680,0,46336468,100067347,19474022,29564063,0,36620467,387933269,129850467,131825250,133820634,0,50418023,41769024
0,0,34282626,251655556,0,96799017,0,0,0,845113588,32480154,49070768,0,10323,0,0,40355071,0,0,0,0,0,0,4351060,0,51244379,131738425,716623678,5009367,291214608,86579919,139273,0,0,0,0,56672954,22333621,2813182,13750995,14466033,29011092,18259864,0,82913468,24431879,66739388,17320865,41267356,99642362,22456958,26681931,659844,29008365,15248516,0,33353111,47023952,0,15054399,6662888,675895102,714424045,53796429,12575046,6833759,17462377,1961777,13472904,380753355,0,27003380,0,4164765,3789871,50542431,0,39300437,4261227,13940102,9984845,60758264,356560123,0,41222105,55206780,0,0,23577111,14391432,2116402,11388420,88802436,13194493,31591275,101474978,12767940,90711489,41077333,57728281,0,819153785,0,0,1371461,0,4431565,297965908,0,915243735,191282,124975543,17429704,0,38030683,24802493,5514489,56339499,5547084,61950,64743913,13955393,516479659,27792362,32764429,91859751,13473096,0,3979994,325250,105109255,52816455,0,0,0,0,200898374,0,3204035,398369098,73156147,22350633,214856819,2218623,0,0,38674460,28839,2658391,855144,0,0,0,113737562,6349459,71485359,0,21896582,121045891,453105833,0,149094201,12323418,2616889,0,598678,0,0,328282,125902662,14816892,283557934,0,0,0,436887,15917215,9878491,0,11886433,2049703,0,1112456,0,0,2417157,78441399,7196215,19316848,4127361,2588361668,18216056,0,0,39990796,2050508,102101382,0,45764862,261735131,128624012,73915321,48244818,0,157701376,32189384
0,0,5944438,27140,0,212426,0,0,0,2748668,0,21853615,0,0,0,0,0,0,0,0,0,0,0,240153,0,0,0,278514,0,0,0,0,0,0,0,0,0,2034182,0,0,0,0,0,0,0,0,0,0,948869,0,0,499782,0,41043,0,0,0,0,0,303642,0,0,0,0,0,0,331609,0,16205,3779684,0,313298,0,0,916819,4362913,0,87424,0,0,0,0,0,0,27838353,0,0,0,0,0,0,0,0,0,56132,0,0,0,0,107503,0,0,0,0,0,0,0,0,0,0,0,0,0,0,311576,174910,438611,0,310481,0,0,0,0,0,0,0,0,0,598841,349810,355467331,0,0,0,0,0,0,0,53937,18552,0,0,0,0,0,0,26263,0,0,0,0,0,0,0,241541,328072,0,0,1189579,33797,0,104852,0,0,0,0,0,0,0,0,0,0,0,0,0,0,483376,0,0,0,0,0,0,0,0,0,165787,17337475,0,0,0,0,0,0,0,0,0,0,426160,146417,754093,0,94669598,0,0,45114
0,0,7420869,43256182,0,1118374,0,0,0,96184003,24321805,26571866,0,1409980,0,0,7264295,302150,0,0,0,0,0,8884656,0,56659884,4577853,137577359,21457357,3688134,63612887,4002978,0,0,0,0,1612185,156761294,2096186,2796442,1799375,2740557,38963226,0,93722122,409863,71979669,0,271195500,31597526,0,31568686,14792299,171495131,25944340,0,25058726,0,0,9534342,0,152433,470595,1843048,989623,3415625,42744872,0,62100067,45655180,0,674097,0,2181600,4081033,14274940,0,29417115,185178,18881205,10750786,1443316,614426,0,162660371,738984,1312482,913133,6828722,310732,0,2869901,0,37548446,7296579,6525601,73346030,54216697,3406008,74748777,0,36311934,0,0,3446089,0,1059693,102688263,1627881,0,1437609,1219820,540182,0,7212933,18435933,19820077,31797523,115571995,3472136,2226870,882529,576341,33541331,18878805,0,19498558,1221769,370276390,4914372,55684838,0,0,32676,0,0,97785866,0,11156036,248887804,39808,7558741,4637067,0,374589,0,67108970,6022574,3861847,0,0,0,0,136703610,1797230,34756275,0,6879752,338422931,17696137,0,74236732,18126662,2258650,162301,5797394,0,0,7704271,2266513,1970318,114599615,0,511392891,0,0,38314882,0,0,3825994,598085,0,621381,0,0,0,68083196,26392312,34355681,3492364,0,37805853,0,0,383215,538520,76526163,0,168310546,255953,22823697,616351,123412841,0,944409,59468712
3962207,0,494956201,298722835,0,375821566,845113588,2748668,96184003,0,844101000,1761539984,0,72661151,107537,0,1082563450,402799489,218996455,0,0,0,0,151481208,0,817409789,1076775816,3100884632,277047071,588040789,2383780539,155896171,0,0,0,0,1386915272,2165709833,300635322,980569046,877312977,1301844711,970540770,0,8870409263,144784448,2504487278,31928393,3749627543,375951239,59315120,583432259,61812394,904256300,539507564,0,819111477,1571661060,23471652,489254720,92273684,1970621288,1752065752,178398420,308584112,541919721,739865933,973106353,1033447411,2973118670,0,371413529,0,109096683,236829859,514655204,0,1612887606,141733494,695351812,192268882,142698224,655269830,0,1534839017,1214246228,1221932,30642870,1117374012,89633200,70379926,326094257,3154021137,1308356496,933261900,477903335,967790066,710532103,279181338,1373981685,0,1689311740,0,0,373977730,0,132385293,3286860140,15479139,268456525,91107165,271547306,367607025,0,574598908,635789992,820143952,1685833994,679794578,134932378,668536770,666752775,1338571126,2566907494,1302834941,163820769,252098090,68712230,279910093,65227049,961483700,631145617,0,171828764,0,0,1397513063,0,149237476,4618264566,3472320539,1143388569,377738102,29474425,391698,0,993897447,59067270,487661116,20285152,10546086,0,0,2246921282,59022023,959785926,0,1013127585,3480750525,1101896256,0,2248941626,575545436,97939134,59945962,81679904,0,0,354329729,778470973,438313418,1744981387,0,16112944,0,18397236,447623964,19761601,0,241432634,50452445,0,72879178,17854532,0,44324835,1423698857,763984003,998291371,222204340,41617029007,896285565,0,522356829,1473028045,85172934,2918537435,0,732229575,396492698,672006507,4940291516,6571830946,0,2028091117,530386950
0,0,47631182,32451128,0,29912992,32480154,0,24321805,844101000,0,276808349,0,0,18815,0,960104167,996084,507741,0,0,0,0,947893,0,37994098,86258284,114704149,19630344,31709835,10222114,124205674,0,0,0,0,5025060,11646862,24446742,23458704,2913060,192242935,48771564,0,6424745,39441951,55352030,3689161,19141664,8525411,10811683,70617696,17602794,32605006,2301823,0,3710656,116966463,0,116454071,7811701,75700760,41190837,16724697,604069,25526146,46830027,0,6572357,99014980,0,53325957,0,32607796,49989890,7634630,0,219922740,30109759,88073528,15665450,9173509,16271809,0,6277806,181708865,1285688,3025031,41921656,4428476,4052328,6066974,81337051,16979291,29367565,15637584,12277655,48275165,10488757,101619217,0,6147771,0,0,79718118,0,1576102,21718361,0,10876696,1942260,8489446,8693141,0,93054766,92648385,4411843,10772925,614152,6850086,73965402,26126603,12187826,55882626,502074510,1456339,8936678,4115372,32979082,10856620,792533,23789525,0,1295514,0,0,376668,0,244074,57059638,69601811,5081458,21731528,1166639,805591,0,95554587,3077621,18524738,573028,0,0,0,72349199,24079343,16445143,0,25695199,36174634,27031560,0,114099405,16016228,5361061,3266222,3152785,0,0,3423937,71175351,28515784,7918277,0,0,0,33239,54885118,0,0,2901176,3031082,0,8282415,0,0,0,24076577,209283,42794361,20138916,3286184661,4826916,0,22651982,19404416,13487111,97489056,0,99490610,11109759,31158299,48691123,30039981,0,376124415,12496767
52686255,0,254790751,66768252,0,40706763,49070768,21853615,26571866,1761539984,276808349,0,0,49799540,0,0,142522011,2579358,661645,0,0,0,0,63950480,0,221416030,845266634,351462972,70948378,36920764,20186900,68163126,0,0,0,0,1331552128,227537179,57825092,1564664407,631570631,380052190,880687836,0,48694094,133394961,5671004205,2450263,1028166594,8843083,0,2540234286,402779127,2326188287,70905932,0,20403432,336730954,0,2905709383,49332548,120588867,127657568,93661063,377033897,561239292,725083855,0,475887434,3133510003,0,484738818,0,108602982,916502190,126953037,0,25154560461,351144917,414077815,122971833,15713101,348271737,0,3325776994,68225168,14989153,218406522,637447515,95961491,12792976,546300764,612688028,1892802639,567463468,744505849,440841926,29946132,56135397,397005360,0,64887528,0,0,385134695,0,46505599,521747468,3567779,14551873,174413457,32652201,158863682,0,674598407,1344051983,369794670,648460593,128138595,33648694,469843841,146503296,15286798,1609286582,1390169091,13528937,128269184,513748221,196682005,29452374,565618254,185557037,0,77386054,0,0,241167536,0,118334437,332631408,834573496,79283362,69223758,2739244,106481806,0,116710629,324637475,124842096,26348976,559121,0,0,689740662,170896836,203069574,0,540047359,581995960,212268387,0,1839394672,82772473,380740329,38466872,123749782,0,0,54388075,2609978494,199293645,701252996,0,695578,0,17257980,732015962,327677,0,5252045,5971761,0,187659935,0,0,0,1197382352,631704133,283811522,33592101,570789789,400749707,0,162593918,397924888,32296471,571716773,0,2280019040,155723264,472345923,977020744,558096272,0,28239984,203068869
0,0,0,0,0,0,0,0,0,0,0,0,0,0,0,0,0,0,0,0,0,0,0,0,0,0,0,0,0,0,0,0,0,0,0,0,0,0,0,0,0,0,0,0,0,0,0,0,0,0,0,0,0,0,0,0,0,0,0,0,0,0,0,0,0,0,0,0,0,0,0,0,0,0,0,0,0,0,0,0,0,0,0,0,0,0,0,0,0,0,0,0,0,0,0,0,0,0,0,0,0,0,0,0,0,0,0,0,0,0,0,0,0,0,0,0,0,0,0,0,0,0,0,0,0,0,0,0,0,0,0,0,0,0,0,0,0,0,0,0,0,0,0,0,0,0,0,0,0,0,0,0,0,0,0,0,0,0,0,0,0,0,0,0,0,0,0,0,0,0,0,0,0,0,0,0,0,0,0,0,0,0,0,0,0,0,0,0,0,0,0,0,0,0,0,0,0,0,0,0,0,0,0,0,0,0
769458,0,9213021,17665595,0,1147472,10323,0,1409980,72661151,0,49799540,0,0,0,0,10584,0,0,0,0,0,0,10596600,0,7500413,10320113,20367843,14436041,0,76738388,12090770,0,0,0,0,0,61074276,5701345,2013784,367981,8623104,12643454,0,4545256,4264710,35251673,29583,366644139,0,0,7267400,16160551,22876506,10060612,0,5397714,35328013,0,7960859,0,31809167,2208312,1847658,2698695,10696591,45731778,108717,43591279,21090358,0,8177316,0,9631963,4279510,59940086,0,23043219,1061279,1818913,6951085,1415586,0,0,64930157,641786,54121503,2045143,7644173,0,0,7033427,43684582,53598721,9990094,4335660,18045828,60917,2573698,21937882,0,27649064,0,0,6779338,0,2317476,84241095,638472,0,32291814,1865735,1893346,0,712038,10471416,43338843,90363267,4313232,0,5058089,2234719,0,55537533,23462370,515408,2209067,1648675,1548664,1651713,138306104,0,0,2222917,0,0,511929775,0,1573843,342747587,0,0,1141258,0,0,0,330429602,362199,16341777,1753429,0,0,0,10106245,1201929,15659472,0,12235239,756169502,4123575,0,57107405,39439917,255777,3589231,763512,0,0,6474462,4733986,1109011,259810105,0,48878314,0,0,8583489,0,0,25984,0,0,8709841,0,0,2604528,65043494,3757225317,14761885,2451643,356076,48739160,0,0,458838,480603,24665399,0,16887278,1103566,13963575,0,171432440,0,429820,26929290
0,0,6263645,0,0,0,0,0,0,107537,18815,0,0,0,0,0,3104890,12484,0,0,0,0,0,29532,0,1293897,491023,1023281,0,0,0,0,0,0,0,0,0,0,630565,407216,201136,0,0,0,33697212,0,7296698,810153,282599,0,0,3710795,0,0,0,0,0,0,0,0,761536,0,79781,1200683,2487694,487674,28493,0,0,5012540,0,390361,0,0,0,7371,0,4951984,0,15510837,2888688,0,87150,0,0,330314,0,0,0,0,0,0,4425538,0,1636294,76914,806243,59812,0,1550657,0,0,0,0,379881,0,0,500268,0,0,0,0,0,0,586465,5999354,5234,0,0,0,0,99721,0,0,4376057,93375,1590554,0,0,0,0,459244,0,0,0,0,3741,0,0,0,25111203,65809,11336,0,0,0,0,0,0,0,0,0,0,2659203,0,0,0,0,0,0,0,1510481,0,0,449649,0,0,0,477191,55811,0,0,0,0,0,0,0,0,0,0,0,0,0,0,0,0,0,0,609029,0,25280567,0,0,0,0,9385,361603,0,73359817,1951080,1928335,574295,0,0,2110629,0
0,0,0,0,0,0,0,0,0,0,0,0,0,0,0,0,0,0,0,0,0,0,0,0,0,0,0,0,0,0,0,0,0,0,0,0,0,0,0,0,0,0,0,0,0,0,0,0,0,0,0,0,0,0,0,0,0,0,0,0,0,0,0,0,0,0,0,0,0,0,0,0,0,0,0,0,0,0,0,0,0,0,0,0,0,0,0,0,0,0,0,0,0,0,0,0,0,0,0,0,0,0,0,0,0,0,0,0,0,0,0,0,0,0,0,0,0,0,0,0,0,0,0,0,0,0,0,0,0,0,0,0,0,0,0,0,0,0,0,0,0,0,0,0,0,0,0,0,0,0,0,0,0,0,0,0,0,0,0,0,0,0,0,0,0,0,0,0,0,0,0,0,0,0,0,0,0,0,0,0,0,0,0,0,0,0,0,0,0,0,0,0,0,0,0,0,0,0,0,0,0,0,0,0,0,0
0,0,63918187,63047331,0,81180464,40355071,0,7264295,1082563450,960104167,142522011,0,10584,3104890,0,0,0,0,0,0,0,0,4084826,0,25607125,71925179,228936899,18145615,192558821,19826946,22458186,0,0,0,0,5810522,27054466,31665496,39916774,20540091,131472174,96979727,0,858341,104871343,58103592,5682393,12892185,4444341,18682545,63080896,6636493,183854303,1075699,0,932651,110443564,0,20746857,18998263,173374234,139313528,15049802,3634466,41750223,54296303,0,12137607,101287623,0,16989187,0,5149348,49337735,8028138,0,193217968,28401605,66595995,12234539,6215674,12635179,0,10968587,82505263,0,64762,29840252,2639344,28185270,3183194,485283,24377183,41888253,21156160,20253759,85977627,27132092,144111297,0,4731254,0,0,30412136,0,232123,113682706,0,10600729,1261148,4027072,8022976,0,9977774,72451826,7493061,5351932,0,1282978,142061344,24700816,12806150,6177449,381976127,12718445,17504679,2123941,13618543,11176623,1585703,56038650,0,244125,0,0,28101243,0,0,2297513,10961576,820497,38663081,632352,0,0,47102503,3531972,4778273,0,0,0,0,159828646,56374078,2518945,0,37686926,17412791,74190316,0,180871019,34793899,11920138,747962,11084381,0,0,6689617,79119764,50961402,6851448,0,257981,0,0,26684972,0,0,1011174,19010535,0,4668385,0,0,0,59025611,664741,90627395,370018,1201224247,7168510,0,0,15117710,36663000,123984540,0,65085345,33803603,47021323,28654650,19922184,0,196660076,4202425
2607898,0,807319,0,0,683149,0,0,302150,402799489,996084,2579358,0,0,12484,0,0,0,1060999368,0,0,0,0,795709,0,4497380,10221628,132119024,296495,0,225243,0,0,0,0,0,1097668,1288261,35282297,0,0,7283733,3825784,0,0,2079447,85364490,0,949911,0,0,960708,0,6629825,0,0,0,0,0,0,0,0,0,1165795,0,31097315,16870783,0,0,5774889,0,0,0,0,22941,189879,0,1417108,0,546022,1558765,0,683916,0,0,437321,0,871049,152552678,860587,0,31039432,20172826,80397410,4771357,0,1044705,0,0,45827188,0,0,0,0,2410670,0,0,0,0,0,0,0,1593133,0,0,7497308,66485347,19447088,0,0,10303613,1503616,140947,180358,6639324,0,1290498,685549,181229,0,69376218,0,0,677483,0,0,11921,0,0,0,22270461,0,37132487,0,0,9984746,0,0,215695603,543340,0,0,0,3047727,0,0,0,58213236,29032136,2086836,0,26299270,19810708,2789840,2487163,0,0,0,140335,21246447,2128813,0,0,0,0,131351,676798,0,0,0,514538,0,0,0,0,0,326336,0,18884477,926930,323930,89092,0,2698119,428324,0,429395,0,1457562,1213272,412348,35071280,20580630,0,1474293,78943456
6385359,0,25666452,2760889,0,0,0,0,0,218996455,507741,661645,0,0,0,0,0,1060999368,0,0,0,0,0,16505970,0,4244456,9121417,1994498,280289,0,224619,0,0,0,0,0,1082676,5274187,179825,0,0,4298917,3804997,0,0,1592578,1866691,0,3157616,0,0,9572155,0,445990,0,0,0,0,0,0,0,0,0,1146096,0,3445082,12210386,0,0,4287883,0,0,0,0,22197,2355387,0,15531910,0,218510,1559772,0,680381,0,0,11726702,0,824004,3526951,839553,0,0,18204,179419,4782573,0,1046645,0,0,2925737,0,0,0,0,2296375,0,0,0,0,0,0,0,1585747,0,0,3023051,0,0,0,0,10056760,1495590,139871,180823,1338198,0,102462586,687155,0,0,453251,0,0,671169,0,0,0,0,0,0,0,0,0,0,0,46761181,0,0,0,517512,0,0,0,2885871,0,0,0,936558,1254910,0,0,5986274,0,189098,2488999,0,0,0,140192,21343997,2142586,0,0,0,0,130456,4909419,0,0,0,57543,0,0,0,0,0,974257,0,2235923,931178,326753,89756,0,0,78168,0,105948,0,2411647,115658215,0,29986,964753,0,1481378,127832
0,0,0,0,0,0,0,0,0,0,0,0,0,0,0,0,0,0,0,0,0,0,0,0,0,0,0,0,0,0,0,0,0,0,0,0,0,0,0,0,0,0,0,0,0,0,0,0,0,0,0,0,0,0,0,0,0,0,0,0,0,0,0,0,0,0,0,0,0,0,0,0,0,0,0,0,0,0,0,0,0,0,0,0,0,0,0,0,0,0,0,0,0,0,0,0,0,0,0,0,0,0,0,0,0,0,0,0,0,0,0,0,0,0,0,0,0,0,0,0,0,0,0,0,0,0,0,0,0,0,0,0,0,0,0,0,0,0,0,0,0,0,0,0,0,0,0,0,0,0,0,0,0,0,0,0,0,0,0,0,0,0,0,0,0,0,0,0,0,0,0,0,0,0,0,0,0,0,0,0,0,0,0,0,0,0,0,0,0,0,0,0,0,0,0,0,0,0,0,0,0,0,0,0,0,0
0,0,0,0,0,0,0,0,0,0,0,0,0,0,0,0,0,0,0,0,0,0,0,0,0,0,0,0,0,0,0,0,0,0,0,0,0,0,0,0,0,0,0,0,0,0,0,0,0,0,0,0,0,0,0,0,0,0,0,0,0,0,0,0,0,0,0,0,0,0,0,0,0,0,0,0,0,0,0,0,0,0,0,0,0,0,0,0,0,0,0,0,0,0,0,0,0,0,0,0,0,0,0,0,0,0,0,0,0,0,0,0,0,0,0,0,0,0,0,0,0,0,0,0,0,0,0,0,0,0,0,0,0,0,0,0,0,0,0,0,0,0,0,0,0,0,0,0,0,0,0,0,0,0,0,0,0,0,0,0,0,0,0,0,0,0,0,0,0,0,0,0,0,0,0,0,0,0,0,0,0,0,0,0,0,0,0,0,0,0,0,0,0,0,0,0,0,0,0,0,0,0,0,0,0,0
0,0,0,0,0,0,0,0,0,0,0,0,0,0,0,0,0,0,0,0,0,0,0,0,0,0,0,0,0,0,0,0,0,0,0,0,0,0,0,0,0,0,0,0,0,0,0,0,0,0,0,0,0,0,0,0,0,0,0,0,0,0,0,0,0,0,0,0,0,0,0,0,0,0,0,0,0,0,0,0,0,0,0,0,0,0,0,0,0,0,0,0,0,0,0,0,0,0,0,0,0,0,0,0,0,0,0,0,0,0,0,0,0,0,0,0,0,0,0,0,0,0,0,0,0,0,0,0,0,0,0,0,0,0,0,0,0,0,0,0,0,0,0,0,0,0,0,0,0,0,0,0,0,0,0,0,0,0,0,0,0,0,0,0,0,0,0,0,0,0,0,0,0,0,0,0,0,0,0,0,0,0,0,0,0,0,0,0,0,0,0,0,0,0,0,0,0,0,0,0,0,0,0,0,0,0
0,0,0,0,0,0,0,0,0,0,0,0,0,0,0,0,0,0,0,0,0,0,0,0,0,0,0,0,0,0,0,0,0,0,0,0,0,0,0,0,0,0,0,0,0,0,0,0,0,0,0,0,0,0,0,0,0,0,0,0,0,0,0,0,0,0,0,0,0,0,0,0,0,0,0,0,0,0,0,0,0,0,0,0,0,0,0,0,0,0,0,0,0,0,0,0,0,0,0,0,0,0,0,0,0,0,0,0,0,0,0,0,0,0,0,0,0,0,0,0,0,0,0,0,0,0,0,0,0,0,0,0,0,0,0,0,0,0,0,0,0,0,0,0,0,0,0,0,0,0,0,0,0,0,0,0,0,0,0,0,0,0,0,0,0,0,0,0,0,0,0,0,0,0,0,0,0,0,0,0,0,0,0,0,0,0,0,0,0,0,0,0,0,0,0,0,0,0,0,0,0,0,0,0,0,0
62629211,0,54469003,74096267,0,25650496,4351060,240153,8884656,151481208,947893,63950480,0,10596600,29532,0,4084826,795709,16505970,0,0,0,0,0,0,52791057,29329055,174465115,33026387,650242,188760412,8705690,0,0,0,0,402787591,603608949,45533288,78304281,5320965,12664129,55826613,0,109784187,6217775,136742640,9254994,566179489,12455657,719880,99584010,21811312,254465893,60853665,0,26616007,16337247,0,259666097,4412,12599161,6917860,848205,48292067,23295330,189601826,7025744,176784657,330952451,0,26014935,0,29465093,12157851,127936155,0,227322181,15812260,22906596,27816118,6377668,7666904,0,270377154,4752022,0,96491480,31696827,2469790,0,27418046,23156192,169749792,46095732,18752068,100838730,32917375,6223626,102673126,0,22107431,0,0,30985380,0,1863261,535438636,1707358,0,66357556,4719944,12956649,0,31344642,90348721,125725013,164946949,58668136,208869,34610991,3931227,1709483,55412562,247117659,2231093,30924103,10610148,26768207,3420463,434547683,44494165,0,1617525,0,0,1741517542,0,149107644,2503319534,100057966,218847009,2182951,0,1621950,0,12194271,2870496,34901639,0,0,0,0,67110364,1381037,1649270646,0,42089612,560513387,63441107,0,156909134,48903106,5195417,3679586,13053569,0,0,11888401,8026014,17151548,181760693,0,13642141,0,18532216,105100606,30104380,0,111882,13883050,0,39156582,0,0,0,199552691,181111198,90498959,35758437,79517960,189291266,0,0,78245038,4599266,93359580,0,234208044,1729826,68596681,86413765,1222653842,0,19386516,98623215
0,0,0,0,0,0,0,0,0,0,0,0,0,0,0,0,0,0,0,0,0,0,0,0,0,0,0,0,0,0,0,0,0,0,0,0,0,0,0,0,0,0,0,0,0,0,0,0,0,0,0,0,0,0,0,0,0,0,0,0,0,0,0,0,0,0,0,0,0,0,0,0,0,0,0,0,0,0,0,0,0,0,0,0,0,0,0,0,0,0,0,0,0,0,0,0,0,0,0,0,0,0,0,0,0,0,0,0,0,0,0,0,0,0,0,0,0,0,0,0,0,0,0,0,0,0,0,0,0,0,0,0,0,0,0,0,0,0,0,0,0,0,0,0,0,0,0,0,0,0,0,0,0,0,0,0,0,0,0,0,0,0,0,0,0,0,0,0,0,0,0,0,0,0,0,0,0,0,0,0,0,0,0,0,0,0,0,0,0,0,0,0,0,0,0,0,0,0,0,0,0,0,0,0,0,0
510223,0,91484321,41941831,0,22534972,51244379,0,56659884,817409789,37994098,221416030,0,7500413,1293897,0,25607125,4497380,4244456,0,0,0,0,52791057,0,0,182094366,1152526168,111578513,63166087,1600234541,5910108,0,0,0,0,509863062,1045502961,73207000,51978211,68741069,10440353,209236165,0,1141208812,15211299,1320945831,2332142,1705105022,372011157,2696897,77446558,35063501,93267397,242339639,0,629218449,24709741,63791,32401334,3646587,26111715,57333920,44459975,40071159,116412003,126740779,60870137,511947550,332616622,0,34737639,0,16207306,11212008,77648152,0,497199738,11432520,146976384,65977930,64444736,66042857,0,351992036,32940370,4878717,883840,149740736,82266911,168870711,65128741,39716678,347640572,219091853,270115112,495240820,430438580,114348495,991061192,0,1554820241,0,0,89442912,0,16023899,1648331943,4918923,4312315,43973624,92575425,33465471,0,46950746,170309006,126985866,159770737,392812528,3221338,115458152,45247359,25859715,545930790,246038543,2930697,71545912,40149090,62230643,18181477,204213502,19204634,0,13063656,0,0,105035396,0,57353960,1733272247,40679423,175188235,55790866,0,764849,0,124562740,25217813,32838887,5095579,13921,0,0,905879874,4021619,330650592,0,136983838,1292998638,92863060,0,691486367,267521115,47511861,40629462,16267710,0,0,78914672,291336406,154646168,1224875292,0,8809822,0,8033871,86021011,0,0,36918461,2703143,0,27039255,0,0,0,103241733,75379603,498476753,80789049,92926836,346913944,0,711680,99254171,4976219,325103557,0,128467303,19443205,90968437,38638834,718700237,0,108226703,144674687
26556,0,179914966,73878208,0,42194847,131738425,0,4577853,1076775816,86258284,845266634,0,10320113,491023,0,71925179,10221628,9121417,0,0,0,0,29329055,0,182094366,0,1037074146,533216013,216572483,1375304556,176646378,0,0,0,0,567905431,328998158,41368344,7192375827,2494616917,52368332,348376672,0,2522839678,117593357,738956913,7813088,562774816,512721924,157384,188359180,30700714,476537424,63718815,0,1137792895,152563660,0,209654309,26016026,176031644,164490849,155348406,158992215,104706324,168288791,28527138,63833173,1324461376,0,111054331,0,10589889,86621755,163151302,0,638115389,32328586,995535581,518998438,93703818,46302730,0,124116955,75710674,1386271,8532259,236542359,221297738,63588700,94963103,489246583,198265704,1059858131,161605750,163917853,716794771,137247354,360862153,0,2163545708,0,0,92421350,0,22012288,959197603,12067073,17008797,55334782,160520606,315129322,0,108756164,285132269,249307489,316705773,50273322,26480937,533527916,420927260,177437756,3447559633,466327832,98028399,150275974,32796765,31527952,27701799,346954252,77877898,0,12496443,0,0,473892234,0,14975362,427964905,199133983,457778061,56256652,12129546,1320376,0,294256832,12845512,166541277,7930011,359558,0,0,5102320271,18435800,116298915,0,369765754,560672132,162830819,0,1018753362,107562770,110571624,74755168,18640071,0,0,37402455,660511723,2873604973,843032338,0,65204100,0,103877698,114035823,212962,0,108043381,7690848,0,15425332,18789143,0,2052834,307355337,70150032,515095686,66734194,1632300589,115670713,0,2812196,158864145,20100746,122779420,0,355304030,43698481,186805465,347212705,538599356,0,290860649,122434633
2010412,0,469298515,395864584,0,378117343,716623678,278514,137577359,3100884632,114704149,351462972,0,20367843,1023281,0,228936899,132119024,1994498,0,0,0,0,174465115,0,1152526168,1037074146,0,259385785,643862270,9078059802,29899071,0,0,0,0,667053828,2187868063,182367122,511802419,508501181,74761835,369420853,0,46173524353,92000366,3133532695,14238274,3993560035,1850756847,135170,249012494,110680960,301179063,607322557,0,11555479654,347957979,3327185,105197251,25267994,376799710,876642316,162423351,708853610,300970614,377659020,229889004,1492287254,1949959338,0,224244022,0,36759114,20894057,230339869,0,1204201569,215455800,178714277,205701216,211171984,298467189,0,1027335728,191260816,3424788,7993337,753923868,68320275,89994345,268313624,667919073,1073042026,919923901,951714602,1313639473,4153000244,616087697,2048279924,0,5427308958,0,0,145547633,0,71935152,4760544167,20386029,1024808077,98087523,317840360,180922362,0,609258725,327114978,604169903,886183261,1128531665,86922250,531579843,453378595,328376438,633975836,910412700,157860646,374174732,32677262,243937259,69374984,1564891988,163768277,0,30557701,0,0,1478832433,0,127483767,4941648400,623309659,3814508257,498283749,5919364,209233,0,362053360,85924541,277406454,15280785,4217939,0,0,1894046332,16786066,1206062964,0,837238329,4728079188,740998975,0,2034299028,652989929,67190234,47131717,61236489,0,0,178679040,1000258524,262672188,10513206727,0,36870673,0,11920930,225549718,0,0,221827041,44651524,0,18178618,24552946,0,3031530,810968380,396503791,1266405596,196630082,2279410282,1230700181,0,592637,286358450,16751865,1065469283,0,418193092,490882013,637624892,542818787,2525220035,0,264813328,568594221
0,0,27423712,19452084,0,5611751,5009367,0,21457357,277047071,19630344,70948378,0,14436041,0,0,18145615,296495,280289,0,0,0,0,33026387,0,111578513,533216013,259385785,0,9533967,461444332,83162575,0,0,0,0,47648475,423118578,26369766,157909804,24100246,6483552,570704971,0,170621876,26396847,246145877,1315511,684114680,452516664,502461,56449817,13437760,104837448,60443515,0,374193580,15498501,64532,13149771,1482794,9306712,12013766,33568776,19611303,46401989,75801756,23359115,286425171,385592772,0,22978977,0,7773875,6801383,128484414,0,206056510,3720625,1365251660,226332419,20478579,10720835,0,149260435,7407986,479985,8804123,106809844,104403521,57266523,32344952,176422435,177392349,2766635517,59407628,158492818,112232673,25121144,261590027,0,130041393,0,0,28205748,0,11814344,691857996,10816578,2467379,75298226,12064555,207308882,0,9214717,100042550,79232710,133689759,203289630,0,134994865,37159330,897070,769988858,150951445,2961211,49123293,12116643,34785426,1662105,235317476,12281474,0,3420866,0,0,208815267,0,16397378,680356269,7234058,131130083,21087852,1339191,0,0,381510243,21125337,74638275,1001730,81012,0,0,505256359,1695405,224669591,0,72497518,502973280,50050367,0,437216783,69519697,23109247,10390806,9481839,0,0,30328765,77656456,634227484,424160048,0,1029538,0,172570873,37598822,0,0,23923965,3553558,0,29125050,0,0,462075,95675345,32761447,302520206,51812500,293042765,163132884,0,0,28589748,3265245,86760706,0,156408961,1806470,49138956,33041877,394700756,0,82201824,107472987
28536,0,254325300,3982055,0,292735951,291214608,0,3688134,588040789,31709835,36920764,0,0,0,0,192558821,0,0,0,0,0,0,650242,0,63166087,216572483,643862270,9533967,0,87002707,3666367,0,0,0,0,252412505,53649006,46178527,68492263,56667821,36813054,99327972,0,1949236013,30190993,51054998,517672,119119648,21435551,12884,70371661,194537,101147743,8870270,0,136738214,21805047,0,18126966,1114088,444424562,328712805,90248186,23077963,133130177,55876720,20649919,24628358,369742507,0,41304062,0,2159608,1350481,19395043,0,204013265,141512963,39877371,24949388,8786236,80360277,0,50615518,32057633,0,0,53738758,1802526,397713,28922251,20972428,109182038,63348122,29098664,40768382,108047113,15991622,127797273,0,213408320,0,0,36042340,0,12728627,210998616,0,81252707,17696,9440719,18847930,0,17854459,197919585,44310155,41073109,10989140,0,78712421,82945054,280933689,390537264,176513150,54826844,128542856,60331400,2271852,1318751,285354411,36634436,0,3133636,0,0,847643,0,1537986,111657475,8059546,65845686,81965156,417974,0,0,4346637,5989382,44564873,1581251,0,0,0,1355872739,2354333,19162345,0,120806417,60631728,17530769,0,240969346,43861554,40010080,21270067,11131020,0,0,8568883,601220818,31212805,379959473,0,289161,0,272952,31037378,6958625,0,3963739,651041,0,1101733,0,0,324131,145345454,9496948,131800015,23530017,3812221778,19883091,0,116884188,23689552,4224030,27623519,0,123281856,10856307,129082659,20583757,114277482,0,233855999,61506745
354856,0,1405953560,9989321130,0,41781154,86579919,0,63612887,2383780539,10222114,20186900,0,76738388,0,0,19826946,225243,224619,0,0,0,0,188760412,0,1600234541,1375304556,9078059802,461444332,87002707,0,1370533,0,0,0,0,577135803,2978312400,182923067,411908317,249969605,6516748,500878057,0,9258688553,496785635,4616328441,761348,4760797366,1216998002,0,712537084,10598139,389942518,515158514,0,27575996636,484100330,0,327894211,1421707,44844834,110582472,252605781,37588806,275898979,721680072,905675,994226588,4128508267,0,213776410,0,2068285,0,228268388,0,1847838248,93684829,215249572,436344908,1325887580,330190502,0,801379791,10974607,69130,929583,1468398901,239573096,90661626,260662482,71721002,1511909450,1668505330,4272029569,1851391380,5606184584,6222026293,1822350598,0,18620277309,0,0,392473569,0,365588661,5526293256,43207535,3035583,158844121,2688889898,345242288,0,619599173,711231289,631538647,1284260007,636716406,326160,2007061833,279161982,18527969,225084450,2712471020,12212749,754122527,157725996,95566956,109861096,2408941939,68896786,0,32044078,0,0,434306058,0,88815406,2924655311,660609037,552401683,359231354,1531997,0,0,322888636,50159086,395082739,66981984,2159,0,0,2976441459,72001550,644688718,0,2794013743,3092355889,1352894001,0,3599419723,738051439,21612521,267041551,30529686,0,0,201344667,104251802,835253896,12372015224,0,51387677,0,2315668,142456835,0,0,1053653453,21168986,0,78690648,0,0,313110,3592070266,1321736273,1224464535,1641853599,29727658,876876968,0,0,346889062,1966433,484208028,0,1147355513,9517796,1539414079,107338330,6314478343,0,14253803,530820602
0,0,34436887,18673993,0,2065985,139273,0,4002978,155896171,124205674,68163126,0,12090770,0,0,22458186,0,0,0,0,0,0,8705690,0,5910108,176646378,29899071,83162575,3666367,1370533,0,0,0,0,0,3999907,157405617,22976663,33761477,13523894,1110706,46523549,0,98199206,5356166,33120100,16371,595190660,17205865,0,17942094,45075978,27810622,5204378,0,131304716,37925482,0,2610566,1212897,1089959,1605298,6547745,47107546,51520631,35280590,402205,91893526,197344230,0,14568922,0,42462723,25873687,147275461,0,36421350,4300336,7582809,5770664,38323974,17651242,0,553023704,6042369,919008,0,103865014,185115,0,135521233,87338449,399285729,94865276,26688844,51381648,29616181,18157264,10909428,0,302100562,0,0,100705404,0,17454401,1049371549,1261525,0,1525441127,19166603,34637095,0,21536936,50468623,618738164,522396226,54019912,4767083,67741889,63729336,148145,84698489,63025258,1007272,13834030,21557830,8947886,6920296,278881278,16250189,0,12317358,0,0,109155568,0,2779856,65430231,11586364,61581837,3146099,0,0,0,121098658,5188119,1890598439,2515292,0,0,0,53388975,857342,7599471,0,219527788,908455781,11705453,0,188535917,67932545,21178023,15019617,1388862,0,0,5386735,6964991,13020284,231110182,0,163603,0,0,12914055,0,0,31915034,0,0,48058835,0,0,0,96617658,84593736,1852311908,201559686,15348501,44086712,0,0,8489318,0,141737959,0,18070195,15175300,27296607,36311995,582678897,0,4299567,64137058
0,0,0,0,0,0,0,0,0,0,0,0,0,0,0,0,0,0,0,0,0,0,0,0,0,0,0,0,0,0,0,0,0,0,0,0,0,0,0,0,0,0,0,0,0,0,0,0,0,0,0,0,0,0,0,0,0,0,0,0,0,0,0,0,0,0,0,0,0,0,0,0,0,0,0,0,0,0,0,0,0,0,0,0,0,0,0,0,0,0,0,0,0,0,0,0,0,0,0,0,0,0,0,0,0,0,0,0,0,0,0,0,0,0,0,0,0,0,0,0,0,0,0,0,0,0,0,0,0,0,0,0,0,0,0,0,0,0,0,0,0,0,0,0,0,0,0,0,0,0,0,0,0,0,0,0,0,0,0,0,0,0,0,0,0,0,0,0,0,0,0,0,0,0,0,0,0,0,0,0,0,0,0,0,0,0,0,0,0,0,0,0,0,0,0,0,0,0,0,0,0,0,0,0,0,0
0,0,0,0,0,0,0,0,0,0,0,0,0,0,0,0,0,0,0,0,0,0,0,0,0,0,0,0,0,0,0,0,0,0,0,0,0,0,0,0,0,0,0,0,0,0,0,0,0,0,0,0,0,0,0,0,0,0,0,0,0,0,0,0,0,0,0,0,0,0,0,0,0,0,0,0,0,0,0,0,0,0,0,0,0,0,0,0,0,0,0,0,0,0,0,0,0,0,0,0,0,0,0,0,0,0,0,0,0,0,0,0,0,0,0,0,0,0,0,0,0,0,0,0,0,0,0,0,0,0,0,0,0,0,0,0,0,0,0,0,0,0,0,0,0,0,0,0,0,0,0,0,0,0,0,0,0,0,0,0,0,0,0,0,0,0,0,0,0,0,0,0,0,0,0,0,0,0,0,0,0,0,0,0,0,0,0,0,0,0,0,0,0,0,0,0,0,0,0,0,0,0,0,0,0,0
0,0,0,0,0,0,0,0,0,0,0,0,0,0,0,0,0,0,0,0,0,0,0,0,0,0,0,0,0,0,0,0,0,0,0,0,0,0,0,0,0,0,0,0,0,0,0,0,0,0,0,0,0,0,0,0,0,0,0,0,0,0,0,0,0,0,0,0,0,0,0,0,0,0,0,0,0,0,0,0,0,0,0,0,0,0,0,0,0,0,0,0,0,0,0,0,0,0,0,0,0,0,0,0,0,0,0,0,0,0,0,0,0,0,0,0,0,0,0,0,0,0,0,0,0,0,0,0,0,0,0,0,0,0,0,0,0,0,0,0,0,0,0,0,0,0,0,0,0,0,0,0,0,0,0,0,0,0,0,0,0,0,0,0,0,0,0,0,0,0,0,0,0,0,0,0,0,0,0,0,0,0,0,0,0,0,0,0,0,0,0,0,0,0,0,0,0,0,0,0,0,0,0,0,0,0
0,0,0,0,0,0,0,0,0,0,0,0,0,0,0,0,0,0,0,0,0,0,0,0,0,0,0,0,0,0,0,0,0,0,0,0,0,0,0,0,0,0,0,0,0,0,0,0,0,0,0,0,0,0,0,0,0,0,0,0,0,0,0,0,0,0,0,0,0,0,0,0,0,0,0,0,0,0,0,0,0,0,0,0,0,0,0,0,0,0,0,0,0,0,0,0,0,0,0,0,0,0,0,0,0,0,0,0,0,0,0,0,0,0,0,0,0,0,0,0,0,0,0,0,0,0,0,0,0,0,0,0,0,0,0,0,0,0,0,0,0,0,0,0,0,0,0,0,0,0,0,0,0,0,0,0,0,0,0,0,0,0,0,0,0,0,0,0,0,0,0,0,0,0,0,0,0,0,0,0,0,0,0,0,0,0,0,0,0,0,0,0,0,0,0,0,0,0,0,0,0,0,0,0,0,0
0,0,121138484,18953566,0,230630456,56672954,0,1612185,1386915272,5025060,1331552128,0,0,0,0,5810522,1097668,1082676,0,0,0,0,402787591,0,509863062,567905431,667053828,47648475,252412505,577135803,3999907,0,0,0,0,0,280736765,11591779,781689733,751157876,6927112,110740518,0,455230698,6641759,365951152,33141037,943738081,79187348,0,86355016,2499558,630960975,4276489,0,713555670,263042433,0,166319627,28095078,65360939,113479060,755713473,189047599,23281399,719979576,396482767,28060580,2332446298,0,614955718,0,26098736,1209493,47551370,0,1212224144,119237868,1749292119,241652126,401847148,180376776,0,516528507,19832073,0,0,91878189,387163644,9501250,25492174,132764128,254664402,251804040,178234049,62719910,253528386,36202954,366432744,0,1038018360,0,0,38314453,0,2014530,241503420,498337,11124387,7447612,206179952,19417241,0,633671479,173034806,216129882,84575749,2749478,78776838,251626523,204486032,14169099,590837805,630330763,45993996,1320523929,9721450,19795660,1329531,125635524,1987075065,0,6760169,0,0,15443769,0,0,47514071,4912870509,42854525,131288603,1033439,0,0,11290464,12426202,56411038,839556,0,0,0,9403389223,19923111,157697436,0,75539260,378767849,100183445,0,369921790,20551161,893204171,10362281,4347046,0,0,5415143,821688417,331405980,236074496,0,6407367,0,2979023,20104524,0,0,21373730,36927147,0,2678904,0,0,0,184572909,53125671,22040225,24120387,80913842,52861224,0,0,2353629609,24089473,318907483,0,160793550,386581694,66313570,260503064,404664102,0,26615119,181299820
734365,0,396703453,81521417,0,35335579,22333621,2034182,156761294,2165709833,11646862,227537179,0,61074276,0,0,27054466,1288261,5274187,0,0,0,0,603608949,0,1045502961,328998158,2187868063,423118578,53649006,2978312400,157405617,0,0,0,0,280736765,0,335710412,496413838,37668741,9518397,2887314828,0,4951775389,41812997,2913203777,3526661,118358538183,761715677,2442756,341665721,341160801,4452903472,1007784657,0,566243336,25348472,0,75448765,2115080,72455378,115939903,91947697,307797549,837885667,2027175858,12536258,4220830307,2842788894,0,155002026,0,59233308,933263,2392892633,0,1509796892,30262629,201851781,132248158,48492903,211446531,0,5045524237,50135515,333582753,218656,2588410579,38841864,1101284,594992192,63710697,6789017531,593606857,567835334,1944306100,998823439,188052170,1571321555,0,1339206101,0,0,3233875681,0,134419211,5861906112,48269546,2351747,69704800,175891958,91312446,0,371736611,528043052,2169881914,2843269353,1515355335,1416012,301856468,47361501,3285748,1127204124,1555263935,3896003,157878974,568687031,665679971,286501897,3021506329,802117159,0,361793448,0,0,21125185644,0,326538263,7146742597,199325516,174127248,164570868,0,0,0,162935151,50318603,894924643,9134208,1018447,0,0,1644016031,52956214,1407391654,0,1457557996,10781949892,539305381,0,1945188560,1056746222,96702269,412277943,40797220,0,0,313836914,157642335,372036046,2706126539,0,5289458119,0,3102701,242297987,0,0,458402408,13573172,0,198454386,0,0,1216352,860128655,1224017522,1284411885,1030216496,399918491,2552008381,0,0,101496685,2450491,641540762,0,595218790,21622652,536173197,142074002,7971097317,0,59479747,2777272821
